time_ms
69.445
32.815
45.139
23.330
9.500
34.311
41.756
12.188
13.632
51.516
23.909
25.042
37.346
52.490
27.461
40.378
59.004
25.715
27.573
22.356
18.650
20.658
30.285
16.722
31.104
8.866
34.549
14.606
15.739
12.673
24.592
43.392
7.234
25.268
27.078
38.567
5.266
29.720
46.124
5.870
5.047
15.241
42.790
3.864
22.690
20.625
26.084
8.646
31.942
10.901
23.029
12.902
26.256
20.712
30.707
13.262
15.079
9.259
38.930
9.834
13.959
25.530
16.149
7.752
18.185
4.758
14.172
11.661
35.493
9.630
13.964
9.197
155.770
30.364
8.872
17.464
19.197
4.552
20.501
25.783
26.288
16.208
29.442
0.506
16.864
4.914
19.042
23.997
12.056
25.239
15.560
11.492
45.341
26.919
50.163
16.365
12.779
13.615
42.415
10.781
24.334
26.332
13.051
23.210
15.626
21.229
22.437
14.385
25.149
10.100
43.048
12.793
9.418
26.626
34.588
28.776
2.691
0.241
21.482
20.928
18.905
14.334
15.512
6.684
10.963
15.821
12.029
23.840
18.048
22.401
30.509
0.879
12.138
35.094
24.145
37.401
25.439
40.843
34.246
14.120
24.979
11.054
27.541
20.555
29.293
19.738
17.788
44.994
14.403
17.038
32.362
21.734
22.385
19.400
13.558
6.700
7.083
9.856
12.257
7.882
25.764
17.553
32.860
45.038
23.775
22.236
18.758
32.332
37.090
37.813
37.572
9.562
38.529
25.069
29.034
13.515
11.139
17.662
6.834
37.266
19.695
12.914
35.964
9.513
11.841
24.827
24.223
38.207
35.583
34.405
22.285
19.950
13.611
9.675
18.838
28.091
39.886
23.825
7.180
33.953
24.937
33.726
13.119
44.176
21.652
17.034
29.705
26.537
3.670
14.708
44.947
27.995
146.331
13.273
47.415
10.215
7.789
64.828
51.094
56.634
45.232
46.506
50.261
8.933
52.417
41.827
74.504
57.476
29.655
11.652
66.299
11.649
59.262
36.933
63.553
40.545
37.585
38.744
13.915
39.182
11.559
48.129
21.553
8.386
54.154
29.994
8.571
12.233
40.599
42.322
7.795
70.015
16.260
40.878
40.683
6.052
16.974
11.182
33.825
39.472
13.758
36.715
8.169
35.315
39.664
47.031
50.493
34.625
14.195
69.219
48.088
10.746
3.643
0.366
19.058
29.539
8.227
28.250
15.470
35.665
41.916
6.833
40.286
42.788
19.884
0.467
42.928
33.389
35.969
16.547
55.660
32.270
5.888
21.824
12.898
51.759
48.419
48.944
11.397
7.938
19.884
43.844
65.588
6.669
40.582
36.914
9.020
34.987
43.923
10.448
49.537
39.851
34.417
41.952
38.863
9.563
35.485
25.256
58.568
42.078
31.826
47.276
40.642
15.095
5.352
45.772
28.787
18.548
47.400
6.350
42.593
17.293
40.055
36.905
16.475
12.641
18.238
5.076
0.406
39.441
31.995
35.158
36.369
24.671
46.558
23.818
28.144
25.942
34.274
32.258
38.514
19.930
23.705
47.900
31.755
15.252
0.424
25.216
45.707
15.154
14.878
22.995
36.259
27.633
34.186
35.786
42.296
15.411
34.997
17.383
24.942
47.735
30.177
7.359
33.193
19.552
26.363
21.328
19.280
27.640
36.427
31.846
0.530
21.594
15.441
24.586
28.471
27.821
33.173
35.600
26.524
35.678
32.057
33.538
72.378
31.355
28.471
27.534
37.012
21.098
32.093
29.619
14.025
10.776
26.047
22.210
56.460
13.058
14.125
31.206
15.793
12.820
27.523
27.426
10.102
15.859
18.347
9.399
33.467
24.760
16.636
17.111
26.584
28.040
44.798
30.651
18.064
24.695
30.082
20.952
64.793
49.621
13.851
16.132
39.433
14.986
23.788
7.954
70.867
30.074
38.757
13.538
29.432
15.588
14.543
25.800
8.607
6.081
4.114
24.926
15.908
30.288
36.761
19.157
4.877
6.167
0.428
42.237
31.797
6.044
24.953
15.099
23.285
18.181
113.861
27.195
66.785
175.777
138.922
73.719
29.206
32.177
75.641
329.985
105.811
95.717
70.241
32.623
51.995
133.138
87.565
66.745
62.859
53.950
83.089
116.013
81.516
47.415
49.725
141.656
10.240
8.042
34.406
47.869
24.450
36.641
29.333
85.518
248.413
19.876
90.875
1014.717
104.288
19.646
34.573
65.123
30.860
16.509
25.647
65481.563
23.577
3405.610
21.688
35.788
35.521
14.711
8637.788
18.154
849.687
4144.163
5671.148
12913.194
51.011
45.113
74.948
241.630
29.489
31.647
179.301
23.920
192.188
206.828
11.162
204.460
26.737
68.853
232.036
47.143
62.113
0.755
25.874
0.443
40.612
0.755
14.932
0.319
14.403
219.864
26.065
24.754
50.053
8.371
44.298
1610.292
533.489
168.781
27.751
41.568
50.034
1.155
22.139
3433.493
187.406
180.408
61.573
41.000
38.879
46.244
152.138
121.629
130.080
137.436
123.808
121.253
123.057
120.626
149.969
14639.722
14122.886
61.949
7098.650
67.588
157.930
73.937
2126.075
330.403
156.054
1140.183
7423.292
51.420
23.304
218.853
17.770
422.320
4873.529
3686.666
6190.017
4470.008
352.439
2827.588
38.150
65.371
92.476
137.222
34.619
38.709
303.053
111.407
0.646
0.266
49.302
8.323
402.017
25.287
954.820
80.134
9.590
28.002
395.221
113.350
3829.458
20.470
69342.047
9688.048
78.426
97.446
59.524
869.208
131.736
315.196
72.674
84.029
41.326
109.135
12.956
37.791
2105.811
26.758
128.239
47.638
25.906
26.382
533.665
180.262
10.419
25.735
54.538
55.043
270.083
14.024
4.326
8.670
0.239
264.525
121.413
53.311
183619.053
30.973
1.310
11.007
15.171
25.846
198.996
33.226
51.656
35.688
3564.907
1265.608
1154.477
3270.851
19.449
12.417
519.570
542.799
64.479
19.186
79.607
1.429
56.095
3710.060
16.198
124.321
0.773
19.444
30.467
41.111
40.893
638.921
183.236
79.480
419.648
56.216
46.666
109.357
70.966
25115.352
50.495
127.623
0.664
94.983
39.611
31.437
293.448
3244.466
150.685
4.986
410.849
850.964
8709.675
216.172
45.766
0.432
17.264
0.257
1.357
47282.950
40.811
88.417
20.682
54.386
0.472
206.670
59.567
42.835
744.248
41.429
230.951
358.992
543.140
24.164
3194.398
18.464
61.085
110.316
28437.465
2782.261
2.680
13.718
57583.748
40.395
55.137
637.956
782.058
50.048
23.575
11.806
40.711
40.647
313.225
1.844
113.781
1.059
5.480
0.321
45.082
152.319
273.292
0.890
10.832
1450.006
36.540
11.337
33.642
0.602
2.599
558.683
134.644
17.756
2.378
3.286
310.756
3304.305
29.144
21.665
22.545
63.371
7.461
46.737
2404.847
25.237
1.114
44.751
237.406
416.761
19263.298
153.786
31.690
58.254
187.547
188.005
1.147
1780.423
16.513
1990.306
0.707
0.366
0.423
145.115
405.686
79.507
0.698
68.012
59.841
1574.806
65.909
220.997
292.800
14.587
25498.217
1178.206
2.199
78.231
680.433
5.768
0.919
16.935
66.297
131.349
913.106
1.864
38.455
1.293
348.126
17.738
2256.332
3921.131
86.672
46.301
6.910
0.364
241482.261
203.021
854.733
18.596
1.289
586.530
49.631
40.692
15.690
10.051
40.010
99.529
38.734
28.240
0.530
557.725
0.759
156.170
4.377
3.646
17.757
13.460
15.103
21.090
0.522
60.502
17.321
0.481
97.329
3396.175
6.855
2444.684
2052.453
1730.037
7.474
95.598
85.126
165.284
281.157
149.009
1798.827
35030.874
8384.548
57773.962
0.729
755.206
507.057
79.634
211.426
131.475
1.021
58.335
107.594
88919.254
31899.879
3.352
10242.343
28083.001
219.045
278979.564
53.741
43.960
78.456
2552.476
186567.723
44.838
338711.234
575.847
10.409
329.719
56.954
75.309
7.060
6506.832
19.634
1007.945
64829.272
4641.582
1.738
302.260
2.516
46.939
0.572
3.373
1.615
0.223
0.245
0.259
0.276
0.248
25.527
10.924
32.408
1066.709
187.264
13.413
7.214
4.258
83.800
141.986
41.939
8.811
74.502
6.357
9.261
124.960
138.689
2.208
25.163
173.530
97.282
32.471
3.138
26.788
32869.911
1106.149
3400.740
15298.394
111542.966
0.684
34.969
13.059
623.006
17.873
23.560
380.937
17179.623
135.374
526.305
44.541
0.596
92.011
40.263
372.690
25.657
2539.153
1.579
59.384
1.575
28.357
221.742
88.313
24.046
9.608
228.812
547.658
387.599
284.567
189.419
1.767
1.317
30.112
13.592
1.953
19419.450
2328.125
473618.923
261.955
308127.900
65481.552
1.941
1.014
10.670
551.640
738.121
12.268
1.217
1.867
1.511
1.155
