4347.397731
172.606354
5819.250927
202.201809
7528.062467
121.117449
113.528295
2509.473282
75.810838
110.490420
215.710983
288.707319
148.528632
440.107003
2436.492817
5550.490388
85.330661
272.325521
514.264809
371614.106892
11912.027641
13131.890985
127.175716
702.008193
57.138955
64.258101
225.288695
108889.959735
678.194478
652.792157
24525.909180
72.885479
51866.952376
1926.095771
804.205756
104.809841
154354.190740
123.910522
132.902978
49.513057
77.167318
298314.789012
31222.861736
2274.847110
2163.112104
259.245958
111.193514
1779.887347
35.110438
99.815299
35.353731
81.443429
82.931025
107081.009460
347.523789
298.880200
197.988217
218.269714
1200.991306
204.630811
45.045148
80.918522
2431.730182
1428.656071
1477.167163
210.193714
1179.530065
277.602103
330403.556461
76.410544
3285.462242
567.322441
601144.704510
86.043502
112.090474
48.005127
65758.587696
167.187211
18851.221512
91.305434
75.763474
38924.697936
1410.299217
7.677644
219.961584
256.053115
22187.159852
2690.529797
38.674384
2344.036280
120.479495
63.435784
22.489693
218.050411
11862.262019
7.168625
236.948274
392.544385
53.962740
64.512921
12649.461796
260.797726
164.392095
1846.709130
59.212635
153.171946
262.133587
10267.152554
43.331401
3105.368389
74.535390
72.590970
22447.152871
9616.080742
183.900058
28.648107
21.696116
130.471904
374.144257
105260.066899
233.633504
786.536501
1076.201269
37.548500
83.777788
48.305152
74.235486
46.437882
55.767003
166.990971
48.279461
170.627356
28.362772
3185.104014
59.707974
384.785000
621.047427
36.151887
71.786057
118.342342
45.278953
116.592473
63.248501
8372.267351
8440.018550
157.922343
31.840079
82.029801
46932.569027
64028.611499
66.516274
110.616068
501.176464
1500.021475
601.633910
49.412721
51433.638677
2806.571503
150.266233
16456.338758
72.167854
988.197175
6.275060
158.216580
829.460197
7.674392
39.975329
111.342251
11996.548945
4900.349366
1872.984327
17317.144492
12008.560297
63.474064
41.905722
11965.662352
3439.563719
197.575580
8336.077465
35.106052
177451.074448
14479.654655
227564.147001
136.420473
76.083697
842.799721
3991.222437
138315.806583
355.268729
4185.259604
291.970653
99.768888
163.367056
48.693120
147.949908
118.403985
69.073436
196604.004916
64.349260
30.662372
60.544929
32.092603
9689.458558
147.911418
38.591828
43.300193
35.270615
54.532964
96.655617
5745.842061
38.858322
406.439547
2268.493662
165.033673
1061.365154
162.316130
630.295221
90.510179
127.626503
118.907925
127.920997
1346.512608
119.433773
88.122181
71.300921
63.176531
572.723619
106.404494
68.272473
123.351704
247.451023
177.244987
1372.374864
54.554595
284.087879
4674.833631
388.297617
36.933361
169.710807
135.673313
214.953052
282.878730
195.924777
591.659823
202.698095
66.605587
91.887051
87.091476
81.026157
125.405809
211.252633
47.763334
120.813824
379.522197
36.216369
320.227046
470.531074
2628.931533
1008.793452
532.353015
66.181949
85.427787
318.345339
259.269851
45.838235
153.453147
420.260521
142.944119
225.304347
257.279989
199.999344
889.519991
157.058494
1156.416466
114.986551
40.167722
542.731319
126.992502
580.517246
67.908127
58.594279
808.133050
193.946574
49.169317
225.168926
125.795212
98.273745
121.699408
244.202051
158.442557
247.737195
99.647537
300.645814
34.729095
1198.645754
298.442559
27.407911
26.782348
177.016924
128.412866
49.074137
598.964030
187.962811
822.993917
78.000059
43.784851
191.958064
304.060010
3634.540547
54.641334
121.561587
316.382105
110.713723
348.016241
70.710813
562.135890
348.607822
52.661862
130.997637
64.796928
157.214617
248.588470
38.972493
268.264796
98.030030
724.179716
78.414816
195.525880
69.130237
153.730511
858.426582
626.638522
159.162808
37.199495
632.293402
136.780779
597.330425
419.322585
171.447187
443.751636
4103.049746
108.305873
829.104416
17282.387378
2203.652304
325.400910
5816.563974
71.203550
872.366488
151.282322
27167.704071
1819.261920
598.077407
82.340318
102.449141
5.806473
53.887343
1188.302999
244.786199
1991.158263
10255.415593
1747.965398
117.489083
8479.804615
43.037718
1902.573174
5922.759256
663.321533
113331.432596
870.569450
190.000463
884.715866
63.682159
52726.617761
12304.760806
325.880878
242.020296
326.687931
208.645502
1733.135974
786.902971
1887.820003
6.295911
6872.060148
55634.183179
846.724411
24.277358
5678.625679
28.561996
1682.626907
42.986549
319.726611
1425.886936
229.630937
5.640849
157.435680
13447.393339
5295.917607
1470.653162
112173.777366
405.053076
146361.512846
48.165320
1530.363876
105118.675737
194.868880
2335.732613
5100.869027
7441.155861
211247.739843
335.317215
2501.320792
125144.531811
37.349910
143510.324555
5963.147442
358.463452
3341.514015
60.384188
137.207683
1202.859763
372.102090
163.372902
20978.795171
288.965025
3104.077132
2240.250615
1313.497539
351.475261
1845.249635
129.878759
74.789369
17.175202
59.133450
64.625354
92.415797
63.147921
45.773626
254.747468
57.759469
55.959422
56.549180
47.272501
15.707619
44.581479
64.264318
58.658642
50.155514
5.714577
61.958414
33.194895
53.301222
33.456748
301.217665
15.079750
49.224928
56.383579
53.510584
72.984370
60.379541
94.647801
82.956703
17.055339
39.039045
68.150667
40.460345
73.344387
285528.565760
215115.698344
852.086958
95.037662
1481.511896
3800.839107
6216.977763
1265.221640
71973.125748
110.160252
1475.611853
64769.474617
183089.246371
69.969279
110520.617464
169.825900
94320.451377
38835.576555
251343.336305
4644.006154
2459.354475
15930.995318
152.546406
22.072019
2332.508130
26.138742
68.041484
75.392059
59.585450
54.742224
60.236671
600413.087821
50.607232
203.080882
600536.818265
61.792128
62.913317
114.093249
138.925092
26.526410
269.526581
37.218390
167936.756765
43.787384
38385.812700
41.408796
1101.772745
59.832277
25.852069
169338.776322
49.347711
549.550245
67511.989336
101746.216312
350453.816424
28.622773
44438.587760
31988.912622
330430.895759
52936.612325
1559.881455
87520.696559
45.673652
205780.447323
62498.107438
598.663768
220309.622684
35.303350
70381.359190
58.722919
32.171499
36.743990
7.191774
5.408076
8.670928
31.012882
7.474768
6.251459
7.234935
28.016344
95.691834
24.756611
27.670808
46.452505
56.513713
33.403008
4347.810219
600582.937017
91921.446593
5315.083053
530.357893
2252.954994
299.134715
2302.933963
600690.547184
82.557972
178655.235592
33452.257504
225056.916990
27796.768713
94408.707618
453527.585922
9043.191197
9293.430998
9041.414626
9274.889844
9081.321715
9237.118863
9081.126072
9238.519985
67499.926982
28838.842571
62.724886
17869.324308
24729.842802
122.068884
45.010286
3422.952036
174.736205
147.363391
900.090489
48188.806451
50.524612
83.459705
542.861305
90.474833
600891.483205
435918.921129
172.730290
17824.102306
2274.485891
4121.662322
34376.958260
42.761220
55.127618
479.994584
116.200319
27.207719
13.345336
73.522262
849.411455
49.807737
18.735379
16.132879
16.448664
982.144217
2018.084945
55.603577
169.963669
18.932291
42.677347
600321.390335
1058.456334
15778.048267
9400.758487
1447.665679
20.863712
4400.844704
40.638907
923.989842
24357.748779
37.184474
2577.289603
20.894903
14.563365
72.694042
38.483634
65.360388
4291.554393
620.037193
43.347389
3284.587884
42.451675
0.0
55.988625
4385.849318
43.131567
29.366103
12.482483
64.769929
33.294354
17017.199111
65.612122
32.445391
41.414208
19.380678
8158.910442
76.342618
49.927140
1048.328710
37.034411
35.820332
33.707799
40.405981
38.973592
105.629451
132.165429
41.913915
42.229001
22657.371027
8530.077086
3655.912410
36.021216
13.260175
2669.142681
8829.479656
4354.844064
29.635588
46.028980
36.042376
21.160297
14.448803
97.464743
63.817173
56.054955
17.980376
236.134222
660.177503
53.689788
70.106411
2822.781652
4145.093108
4364.829012
13604.668516
31.555967
47.174737
28.068833
39.600980
689.535867
70.027630
1523.122107
435.286225
33.475356
245.482396
788.383562
10085.506367
27488.693928
582.819420
38.919350
67.659063
63.788504
297.685944
9716.569979
17.722813
22.762941
172.651353
27.829570
21.316248
10687.033481
151.583059
51.164570
37.077171
37.513859
41.083002
74.677763
66.810641
307.415002
647.042503
42.440426
3144.480277
5184.851293
728.449428
191.287392
676.160701
42.034548
25.926050
318.337901
54544.346058
327.740436
43.182636
48.064683
600712.797716
94.593551
2442.397759
443.791787
6843.313508
673.631843
36.978359
36.759586
3133.455776
28.323866
137.713373
89.626741
90.572629
38.509930
60.470860
15.838216
64.824706
64.618611
8111.155145
76.427992
59.329292
498558.280188
169.816549
43.969164
2320.513373
3087.021769
142.738730
10416.087681
246.973036
66.846064
30.353612
793.096383
10633.210797
9882.106868
0.0
55.726205
50.019125
36.782473
47.477311
49.602178
1059.944658
23.995380
17.118630
1023.088550
1317.570818
34.832440
10915.609756
13487.339803
184.697399
34.994202
9777.501304
158.953147
19.315086
7437.978713
68.916098
519.936030
19.591981
18.134466
21.551996
13416.911904
2083.051599
837.308867
12.315644
71.489502
74.431372
4718.786842
0.0
9973.129189
2937.633649
28.095346
272.619730
32553.464008
197989.680493
97.890643
335.235807
32.070853
19.446149
29.513018
68.818774
1047.641877
2023.267215
34.540033
191.248172
37.774519
11148.779897
290.494366
440.744571
65341.997217
400.274055
38.555938
24.498041
12.198864
10231.342038
10445.492948
15396.536649
196.577294
34.518649
196.433391
55.326147
17.812679
37.293945
55.579972
64.346919
165.929821
584.769019
60.122717
10.516347
10113.873026
0.0
34.846304
29.649916
38.565156
22.445836
16.189422
103.587515
1131.692950
219.853741
967.952677
59.235362
25.908024
743.115101
18250.093271
586.852154
285.769188
292.718943
289.643273
55.402036
154.904339
1134.179764
114.372943
59.568795
140.260926
6069.254965
22613.106509
600960.561003
465484.477193
29.946305
206.894397
415.380369
99.390598
236.878792
13513.986657
47.386945
16.749651
533.855946
6811.016674
600627.376160
458.975150
9529.640104
67015.307912
10522.554682
600617.167530
248.320760
103.422105
1723.876929
14962.586202
10901.478194
70.829947
43.311671
5634.730896
1289.394815
89.013671
1580.341627
697.800716
52.417690
30.186637
121.885153
803.897975
9987.684711
30167.631253
80.432612
81.044652
37.409525
95.403355
15.700234
43.645636
23.811526
97.674300
1390.428522
73.931467
77.800370
80.434132
81.617561
71.415505
100.017190
32392.055346
10185.345151
353.043446
46.336031
24.715040
198.217559
47.493600
0.0
159.085695
379.757049
23.855356
18.290526
156.323101
78.426440
30.393993
286.271646
295.682728
282.371532
210.351866
37.029090
53.851111
2306.581957
62.274639
28.678603
39.141514
40.664969
59.620345
33.866319
63.481978
10728.797669
96.108266
116.924963
155.394966
64663.322415
715.240330
26318.828978
2974.573539
26.502898
1368.600468
2182.259331
10166.148632
0.0
10148.548376
25.595174
74.098129
1434.238400
72.005066
485.493840
729.993588
22.744359
160.971206
10277.567397
9910.303620
12850.557454
6691.599199
6429.953242
41.784327
65.490881
362.732832
52.451459
25.680475
21845.686238
10517.375158
881.127356
161645.815451
12079.507542
12764.000576
56.023447
101.826109
705.701556
1486.394425
13589.762135
67.794519
20.989590
75.509373
47.745182
34.189574
