0.820723
0.071741
0.898085
0.030450
1.413163
0.009640
0.008950
0.487848
0.010120
0.013720
0.036221
0.047211
0.021020
0.064601
0.395937
0.640340
0.010160
0.045691
0.027220
83.963626
1.602865
2.092573
0.035260
0.145672
0.012760
0.012420
0.040221
22.853838
0.122352
0.109262
3.497815
0.017520
6.908299
0.279154
0.167323
0.021650
48.954817
0.019390
0.027670
0.013431
0.013670
77.007317
4.684653
0.593659
0.343885
0.056281
0.014721
0.303044
0.010351
0.013290
0.012160
0.007190
0.009571
32.454518
0.036971
0.067841
0.021801
0.049380
0.898094
0.025510
0.012450
0.021831
0.773412
0.309025
0.550059
0.044120
0.218574
0.011770
86.592317
0.022951
2.021061
0.075512
1254.444484
0.024430
0.037481
0.016250
9.667812
0.082671
4.281657
0.033410
0.013000
14.886813
0.610520
0.012780
0.054191
0.013210
4.946468
0.739261
0.013771
0.504408
0.050930
0.024070
0.005980
0.011740
2.347027
0.005970
0.077502
0.120022
0.009380
0.022990
3.462364
0.030670
0.022141
0.348085
0.013610
0.012381
0.066811
3.391793
0.008040
0.726442
0.021260
0.011390
10.893791
1.591005
0.023051
0.010650
0.007660
0.048391
0.119222
37.659810
0.041071
0.180063
0.363115
0.012441
0.028930
0.008730
0.013861
0.021720
0.013160
0.061361
0.012511
0.046070
0.007901
0.587909
0.012980
0.078851
0.319125
0.021600
0.017450
0.038401
0.013590
0.009070
0.020581
1.734157
1.660526
0.045911
0.009590
0.011030
12.492626
22.341970
0.024690
0.054011
0.189143
0.417167
0.294724
0.024991
19.697579
0.712451
0.097062
4.271267
0.033050
0.349635
0.015120
0.087642
0.295054
0.006220
0.008240
0.024930
6.862598
0.891834
0.322385
6.108176
6.474022
0.035390
0.016120
2.338076
0.676210
0.061301
3.427634
0.013790
78.249517
2.830584
109.327172
0.074961
0.014750
0.197673
0.752481
61.321050
0.078301
1.412902
0.180433
0.039841
0.014320
0.014920
0.025651
0.064741
0.026680
117.980949
0.062181
0.015571
0.040960
0.024381
6.054755
0.033601
0.022020
0.025730
0.008861
0.014630
0.036611
1.675536
0.033271
0.218683
0.819873
0.193053
0.443717
0.145853
1.361341
0.068071
0.025811
0.048771
0.025970
0.474467
0.034640
0.046351
0.061871
0.029940
0.261465
0.035870
0.046151
0.377466
0.020270
0.365896
0.493938
0.032211
0.128552
1.410392
0.853693
0.014601
0.172232
0.024960
0.341845
0.135843
0.077231
0.922544
0.020091
0.038750
0.225814
0.111882
0.018930
0.044791
0.330005
0.023071
0.224323
0.043911
0.034650
0.294414
0.029541
3.613906
0.402037
0.233463
0.077581
0.022470
0.322035
0.033921
0.029501
0.040020
0.028701
0.104062
0.227423
0.129192
0.040331
0.615180
0.144922
1.048956
0.019870
0.015010
0.741222
0.036571
0.752931
0.029250
0.066501
0.687881
0.237654
0.023720
0.063671
0.159363
0.025110
0.021241
0.068971
0.068951
0.125472
0.029090
0.678500
0.020851
1.174798
0.103282
0.030170
0.029821
0.247534
0.123312
0.011040
0.063171
0.222494
0.477357
0.021921
0.021260
0.280525
0.046650
0.923735
0.085481
0.084962
0.045440
0.086562
0.150572
0.039071
0.918865
0.126532
0.064661
0.119302
0.015810
0.034220
0.076631
0.025740
0.200233
0.112832
0.224284
0.038790
0.017121
0.039460
0.201384
0.289994
0.177363
0.089382
0.034960
0.198073
0.029151
0.744642
0.518668
0.271834
0.144793
0.975975
0.051301
0.222753
8.370301
0.641640
0.088961
1.316191
0.040161
0.256514
0.043431
5.312633
0.439917
0.167283
0.027610
0.041761
0.039040
0.232784
0.346606
0.089571
0.590379
1.769417
0.425687
0.035891
2.411367
0.024900
0.428227
1.183178
0.207194
42.967223
0.223334
0.071821
0.256064
0.027260
10.659597
2.360238
0.125092
0.100881
0.081722
0.081601
0.432017
0.236993
0.750912
0.036741
1.466063
15.069926
0.253324
0.032471
1.318180
0.007961
0.456537
0.008580
0.101202
0.417746
0.114012
0.005190
0.069421
5.354923
1.367411
0.775522
20.411310
0.263824
31.570305
0.006090
0.525928
25.751953
0.083301
1.490414
1.318140
2.320456
66.390140
0.287565
2.593830
26.358682
0.010010
23.422247
2.372357
0.201383
1.192899
0.035131
0.066871
0.361766
0.127562
0.067551
3.943082
0.105781
0.604310
0.699851
1.060037
0.102851
0.726821
0.019000
0.027071
0.130032
0.011720
0.022541
0.044770
0.054111
0.020551
0.022820
0.011290
0.103572
0.039201
0.020920
0.022070
0.020010
0.153442
0.020301
0.059451
0.015530
0.087501
0.019131
0.058171
0.009380
0.444447
0.011360
0.010490
0.010491
0.010280
0.040181
0.015800
0.020400
0.006660
0.010091
0.022880
0.012400
0.011561
0.027370
84.360982
5.570818
1.030446
0.022401
0.453897
0.116672
3.529255
0.486528
21.046380
0.047871
1.675106
46.624441
155.005148
0.027270
0.907405
0.345905
1.483844
68.691666
101.815005
1.473333
0.151453
0.019140
0.064181
0.013871
0.016320
0.070001
0.039251
0.040500
0.032421
0.033741
0.049710
288.556201
0.075921
0.129532
15.580244
0.090191
0.056971
0.061511
0.101732
0.055681
0.080091
0.032031
32.204084
0.027780
2.431238
0.216443
1.627996
0.019340
0.012630
0.101352
0.039441
214.724554
60.211604
3.429994
284.663309
0.044251
758.234700
395.165131
3260.416193
155.105840
8.000426
2722.661877
0.037281
3888.793897
2645.446746
19.958733
3707.619428
0.984535
1195.768694
0.146833
0.072331
0.056501
0.032260
0.024710
0.037511
0.077871
0.028270
0.022821
0.028850
0.007440
0.285864
0.027661
0.026550
0.125642
0.028351
0.018910
40.419203
2765.982734
1543.164269
1.103139
6.253164
39.831131
6.944155
101.722650
1121.415972
1.095738
127.197442
18.995046
76.602112
13.023106
37.645775
2210.054062
2226.137551
2211.192385
2182.516331
2196.362973
2238.568284
2211.359706
2202.210767
2203.802425
52.146964
10.890380
4.636367
11.659754
21.720140
23.604541
0.026261
103.723979
0.614781
5.825056
0.838203
509.281379
0.724412
0.042411
9.837513
0.750633
4301.418180
491.757105
21.517267
1214.678328
304.140947
616.491329
570.636129
0.480878
0.305095
1.756189
0.035390
0.010920
1.047167
1.999763
22.998220
0.044531
0.019130
0.030111
0.024740
85.206511
165.413708
8.500581
9.117071
0.041841
0.035751
6152.107098
363.147109
1168.497115
3.541458
76.764490
5.890257
134.409634
1.672087
57.866677
7594.210367
0.109672
1618.853395
0.093391
0.010460
5.183156
0.133373
0.359606
49.811183
34.781635
3.093081
455.054062
0.055531
0.029040
6.843723
470.799563
6.524848
0.031100
0.055401
6.710731
0.113312
2261.118413
19.413771
26.817083
0.028460
0.090502
2506.063272
0.219653
3.909645
299.858935
2.230707
8.708174
0.236754
0.065461
0.196253
1.668678
32.814832
0.032161
0.212043
6215.160590
1493.733905
940.163332
0.272894
0.141853
8.311827
4515.330001
1140.198585
0.111482
1.009987
0.023320
2.434471
0.202933
19.294919
29.772931
0.383786
0.390787
115.031858
4.992922
20.960016
101.366903
2005.589391
604.934849
128.504500
804.773595
3.020470
28.395189
1.672928
1.130849
19.281858
42.519722
649.999362
0.041810
1.130189
0.161873
52.825531
2704.398352
2515.609689
6.821862
40.978415
45.257176
41.581625
46.304473
2064.645826
0.148923
0.034781
0.042980
0.025781
2.194356
1561.690471
14.344726
0.037570
30.349280
0.221904
0.145882
228.583448
0.088202
0.012390
17.923285
0.061051
122.814644
1614.059138
316.063267
0.045901
157.266972
0.032941
0.085691
125.895715
15004.627225
11498.760694
12.304633
1.777689
2734.937090
4.515514
120.835366
198.023235
4958.575969
321.563453
25.304656
5.443610
394.140196
2.733865
8.453289
0.055521
2.274297
0.678851
31.935635
1.247211
1.769239
121.924103
1046.613444
5.191435
19.210485
6485.083199
83.453200
1.126358
151.201572
1.463634
26.604677
2200.797463
4.026187
33.432189
40.589487
17.180962
1308.783905
3521.816881
0.081322
34.983724
653.799568
0.061771
0.111452
0.050381
798.954590
1.856540
1.650497
53.104731
157.767868
6.619789
1610.915640
122.896316
22.352447
3.341224
904.556649
29.168149
2.013513
6426.723360
0.069001
2839.494502
0.068471
0.049511
0.986867
28.582868
597.543325
1009.200993
0.901305
0.068842
0.029180
4544.441634
0.056271
1931.354143
532.979551
0.065341
397.747586
7161.014147
1.145269
41.420958
40.980931
0.638050
1.729538
9.126660
0.025810
918.370836
921.019458
2.783665
95.821419
1.954702
7204.257946
0.058471
932.684530
7378.400274
1.116308
16.165525
0.031441
0.014830
3273.511812
1103.203395
3686.951702
156.081911
2.453460
100.446501
1.244150
0.080972
34.004936
8.531719
0.698901
136.014623
1501.145060
0.052861
2.040133
4063.035382
0.052281
5.005932
3.501828
3.313274
0.788673
0.103352
29.019594
64.462263
0.174563
0.114291
55.644679
0.795103
137.071259
8894.064024
16.900566
11560.765612
5212.741229
5136.645680
23.817058
355.587796
184.438136
8.496768
0.086801
24.633152
6495.628493
174.045776
601002.671297
302350.697119
0.035201
349.387387
2042.463638
348.698276
206.761247
135.220313
0.417536
0.042270
396.971161
4144.638149
355616.424051
15.923381
2527.718860
4267.110373
2414.085153
8516.238314
19.722372
4.731505
173.546022
9501.495644
3483.550304
24.629869
1.662396
1127.277019
1293.241571
57.971636
225.184887
75.752796
0.046541
9.322587
17.807482
144.820678
8139.461045
3936.397524
9.128914
21.100153
4.143335
67.391735
0.049431
4.947688
1.608906
0.030301
0.017820
0.009030
0.016470
0.010020
52.134183
42.838647
0.465607
7266.113410
2438.764904
210.716028
24.173122
12.855383
53.856210
0.047121
0.043330
21.107884
194.969990
10.323494
3.578167
203.192520
85.850836
11.835587
4.494521
1985.765918
1986.959975
178.251746
19.076681
0.053641
5.509457
0.070281
0.022150
0.017700
0.021390
0.043051
5.693210
0.084261
1911.666546
71.374587
91.385593
30.265538
2749.449030
519.671719
4135.599843
117.230332
0.077552
3.994703
74.547258
4031.711701
0.051101
4044.011303
1.906830
60.881701
11.779886
5.780512
1549.718927
413.659363
5.324524
122.271532
887.960465
971.912210
1153.932955
1290.836418
703.532291
2.299856
1.079907
239.617535
9.345578
3.241811
6669.116339
16509.419321
903.278484
1483.078741
27275.268286
14883.435994
2.845375
0.835553
0.071491
111709.057471
5981.443352
40.260056
1.607386
0.748982
0.315775
0.299974
