0.821315
0.072852
0.874806
0.030191
1.428527
0.009260
0.011550
0.479849
0.008630
0.013741
0.037450
0.047531
0.022521
0.062881
0.380557
0.646822
0.008630
0.042830
0.025341
84.022333
1.594150
2.076769
0.033410
0.147672
0.012031
0.013350
0.040401
22.754940
0.119602
0.113632
3.477164
0.017420
6.887177
0.273555
0.168043
0.025270
48.939985
0.021541
0.029600
0.015141
0.014810
77.192526
4.678747
0.588491
0.345356
0.056751
0.014900
0.306456
0.009790
0.012400
0.012510
0.007420
0.009340
32.325167
0.035140
0.069792
0.020280
0.046151
0.879756
0.022671
0.011520
0.022151
0.780234
0.284775
0.516119
0.044921
0.212364
0.012330
86.503659
0.023340
2.014787
0.077342
1239.751736
0.024050
0.034191
0.016860
9.680369
0.087381
4.226318
0.033560
0.013111
14.778163
0.600901
0.013870
0.057971
0.011170
4.950032
0.741433
0.013550
0.497549
0.051641
0.024261
0.006310
0.012290
2.342163
0.006120
0.077221
0.117782
0.009981
0.021770
3.427564
0.030710
0.021571
0.334046
0.013830
0.012880
0.068891
3.408703
0.009980
0.725584
0.020400
0.012331
11.036844
1.618510
0.018890
0.010890
0.007091
0.048421
0.123072
37.897210
0.040511
0.177813
0.364527
0.012920
0.030270
0.008790
0.012391
0.021740
0.011350
0.060872
0.011450
0.047271
0.007880
0.586921
0.014580
0.084212
0.317406
0.020920
0.018131
0.039391
0.012390
0.008960
0.021401
1.751292
1.687621
0.043731
0.008970
0.013711
12.450010
21.328324
0.012450
0.042671
0.172283
0.376716
0.261654
0.021461
18.491681
0.634651
0.078402
3.583276
0.024151
0.310326
0.010610
0.077061
0.260075
0.005930
0.007841
0.022050
6.026171
0.767225
0.283075
5.158105
5.193746
0.021321
0.012370
1.696601
0.530979
0.045401
2.510367
0.010740
65.199965
2.707720
109.158437
0.069532
0.015820
0.201434
0.710013
61.238122
0.078241
1.398056
0.172194
0.040020
0.013940
0.012270
0.023711
0.066961
0.023180
118.239064
0.063181
0.016490
0.041041
0.024351
6.028811
0.035271
0.022880
0.026240
0.010730
0.013781
0.037700
1.663120
0.031041
0.220344
0.816685
0.195403
0.442528
0.145133
1.341905
0.069011
0.027691
0.051021
0.024191
0.471428
0.035301
0.045431
0.062721
0.030801
0.261095
0.035131
0.042530
0.375927
0.019441
0.368557
0.487509
0.031040
0.127682
1.418566
0.856746
0.012540
0.172803
0.025100
0.348327
0.138392
0.082191
0.947198
0.020850
0.036321
0.231384
0.117093
0.018540
0.042461
0.336566
0.026321
0.234744
0.044031
0.036181
0.309286
0.030020
3.638107
0.389107
0.236664
0.080482
0.022470
0.320466
0.032061
0.030221
0.036181
0.026150
0.106792
0.225254
0.119023
0.041160
0.615321
0.141073
1.048459
0.019651
0.015530
0.748454
0.035491
0.743733
0.026841
0.070021
0.683923
0.238455
0.022060
0.063791
0.156403
0.023911
0.021920
0.067532
0.067801
0.127972
0.028791
0.678323
0.017990
1.174912
0.108492
0.029481
0.030380
0.246105
0.127092
0.010731
0.061791
0.222304
0.476729
0.019640
0.022791
0.278395
0.041661
0.903217
0.084621
0.083202
0.048101
0.092512
0.151462
0.037920
0.898727
0.131473
0.064231
0.120422
0.016891
0.034660
0.068752
0.026200
0.185304
0.112242
0.219244
0.039861
0.015540
0.040271
0.204644
0.289555
0.170904
0.089461
0.034881
0.194194
0.030720
0.727514
0.519330
0.277415
0.138662
0.970648
0.052920
0.223794
8.318293
0.644382
0.091042
1.300744
0.037361
0.253325
0.041471
5.277357
0.437578
0.169503
0.027300
0.045421
0.039871
0.239224
0.337396
0.089552
0.598961
1.765562
0.429838
0.040441
2.429025
0.026051
0.437958
1.177362
0.210034
42.890812
0.221564
0.065831
0.257484
0.025291
10.583355
2.350614
0.122982
0.093812
0.079371
0.076202
0.429998
0.231794
0.733624
0.038611
1.453557
14.938436
0.249424
0.033331
1.305214
0.007560
0.452419
0.009540
0.101982
0.411748
0.114032
0.004830
0.064851
5.314018
1.346765
0.781394
20.303565
0.257245
31.452621
0.005570
0.521480
25.797386
0.081882
1.503788
1.295224
2.315763
65.915617
0.279665
2.608508
26.514250
0.009681
23.342341
2.364863
0.202073
1.168782
0.034831
0.069351
0.374407
0.133142
0.067342
3.917572
0.110152
0.599251
0.705143
1.067929
0.101221
0.720034
0.018250
0.027581
0.129042
0.011511
0.024610
0.045211
0.053371
0.019941
0.024200
0.010170
0.099562
0.037581
0.020510
0.020600
0.019810
0.150313
0.021161
0.059161
0.016050
0.087752
0.019370
0.056101
0.010081
0.435078
0.010620
0.009790
0.010461
0.010820
0.040041
0.016320
0.020000
0.007781
0.011600
0.021660
0.012491
0.009690
0.022630
82.790899
5.538022
1.014159
0.020770
0.450949
0.117512
3.466694
0.487769
20.884066
0.047861
1.658110
46.505099
137.520840
0.026211
0.852356
0.332786
1.417906
68.229200
100.701760
1.487188
0.150433
0.019010
0.061991
0.014280
0.017040
0.069671
0.039771
0.038670
0.033340
0.034541
0.050761
285.276347
0.075711
0.133493
15.665979
0.093352
0.059501
0.059301
0.101502
0.055291
0.079071
0.034161
624.098802
0.031721
29.847381
0.235875
1.622230
0.021780
0.014621
268.810731
0.069781
665.455223
98.278044
165.801589
787.012931
0.045670
750.746419
383.849760
3166.337778
151.512672
8.140960
2624.133129
0.033671
3798.742635
2605.715579
17.218616
3641.295594
0.974318
1176.247727
711.301691
704.141456
733.720216
710.953166
711.509074
704.966061
791.769978
700.248810
709.918533
699.972269
565.843191
0.388617
0.031651
0.033010
0.138802
0.035681
0.022320
40.436331
2705.833199
1498.363665
1.093070
6.269275
39.954121
6.939567
102.308531
1091.391173
1.108100
127.376099
19.279293
78.005296
13.068629
38.474213
2171.506540
2169.459187
2172.089770
2154.750421
2152.119549
2158.902259
2160.563446
2157.582447
2154.335705
52.415023
9.869389
4.085534
10.605093
20.416511
22.990918
0.023240
124.826450
0.598161
5.767265
0.820235
541.526014
0.714393
0.038671
9.790418
0.745583
4220.337000
1136.025140
184.377316
2144.977694
1524.850870
613.839858
597.611492
0.512430
0.285195
1.631180
0.032891
0.009090
1.044739
1.977166
22.460367
0.024221
0.015660
0.023740
0.021080
69.613572
165.176264
8.446283
9.078454
0.039111
0.034671
5901.006323
365.926441
2647.207655
3.509714
71.220458
8463.940954
129.227431
1.677501
57.918485
7427.214176
0.105512
1555.626149
0.091072
0.010600
5.176313
197.610676
0.899346
68.323469
34.693544
3.121127
550.270722
4.890078
2031.105272
6.747101
583.939120
6.313723
0.032301
19.984120
6.325744
0.109162
2253.553275
5.437848
16.884374
0.029781
0.085631
2402.887853
0.778764
3.957330
32982.200456
2.071147
9.634762
0.260295
0.059571
0.213324
1.580578
30.383611
1808.466714
386.512211
6066.645248
1764.120582
891.162904
0.272995
0.140633
8.351258
4484.259241
1094.704084
0.104452
1.001268
32234.066419
2.721718
1245.844609
18.869502
26.609548
0.285295
0.337996
87.978099
4.938967
20.553842
101.307574
1860.586420
604.814693
126.861492
791.687279
3.919829
28.735155
16.436379
1.168601
63.688070
42.295214
609.524852
0.036661
1.116499
0.164853
123.020154
2603.130894
2716.816926
6.870031
18.210020
44.889679
40.853638
44.184427
1985.734679
331.429970
0.054231
0.052711
0.806295
18.224790
1541.009345
14.415153
0.036501
32.444469
0.207643
0.147522
225.807314
34566.671450
18.135626
18.031384
0.071611
111.739047
1573.330042
309.855517
0.051801
363.646504
0.036950
0.092312
126.014905
14265.497755
11992.957241
9.366402
1.781260
2744.415781
4.071930
118.394510
199.498724
4870.543985
303.725155
25.428230
5.381254
393.778902
2.685206
133.793284
0.076811
2.324881
0.684552
31.870751
1.243171
1.634889
39.794208
1019.562575
5.191179
19.201412
6288.449192
84.251925
1.025688
161.591941
1.440075
26.374535
12973.265061
4.053570
33.306854
5.209230
16.066337
1244.029695
3410.963626
182.631674
34.214509
623.722768
0.052750
0.101171
0.053921
1405.089055
272.035351
15.003578
51.236601
153.123995
6.071034
10305.450147
103.325295
22.418585
10.414209
888.758885
20.678325
1.863232
5103.763060
0.061281
3019.921003
0.065161
0.051511
0.981757
68.185179
662.565971
855.309745
0.733633
0.064501
0.024041
4544.674634
584.297069
1923.894479
532.950676
0.064291
406.665423
6869.503982
1.133129
162.894865
394.609077
0.688292
1.792081
9.080965
0.025531
891.779097
5484.160747
2.875479
96.457038
1.948253
7100.226763
0.065541
955.099323
7467.591531
1.093508
18.002517
15100.599301
0.044640
3151.708531
1073.994993
3534.537995
157.317620
2.432491
102.474700
458.279998
0.105532
34.419624
8.795919
0.693382
137.377232
1432.292257
0.051251
0.111842
3917.398112
988.570493
5.415102
3.388138
3.319556
0.886285
14.605687
26.036711
61.512513
0.163422
0.111422
55.672414
0.080621
133.073107
8571.560115
17.100259
12038.640242
5375.154735
5375.417258
23.728591
206.948782
186.945955
8.489784
0.085951
24.510894
5120.209278
7169.954616
609502.786892
292135.358823
0.033561
320.066837
1964.716440
158.802603
73.296910
136.487811
0.418697
0.044001
384.892782
20100.387802
346085.884988
14.169292
2660.589987
4127.587918
2330.910031
8190.775979
19.916853
4.774765
174.171508
9159.489799
3438.810245
23.596251
1.249549
1077.828978
1260.752013
57.952891
224.558069
76.124636
0.045430
27237.637834
19.806541
5088.195153
8476.731947
3742.821669
9.023212
21.086811
3.878241
91.933154
51.516839
4.530501
1.314441
1.007746
63.404526
51.021171
70.766952
70.736731
79.830354
67.822096
0.467138
6869.445735
2400.346328
202.598891
24.491095
10.106409
53.700334
16843.975057
9.471949
18.674033
195.624682
9.541090
12.905982
203.177610
106.199437
11.661113
4.429550
561.650080
557.116758
176.783246
18.896416
60.523460
5.475936
0.079481
0.023221
0.016360
0.020060
0.040611
5.859622
0.098062
1883.810060
69.898347
87.091007
26.021228
2723.795418
521.634160
4061.076683
113.370250
0.081721
4.048124
75.447735
3924.868582
110.378363
4001.016025
1.951901
59.478084
10.693188
59.699327
1362.198315
406.196447
5.248072
119.543217
846.645121
1048.879516
1115.601344
1249.607268
694.754037
2.240495
1.064107
237.577440
9.436048
3.179660
28195.996121
15850.641303
912.137503
1381.101982
25769.314512
14590.378980
2.923335
0.776922
0.074481
107190.261896
5834.878142
38.460706
1.542104
0.738741
0.311944
0.292165
