0.829213
0.073681
0.889184
0.029230
1.421232
0.011730
0.011311
0.482357
0.009300
0.012691
0.035670
0.045731
0.022410
0.063301
0.381806
0.630060
0.009840
0.044851
0.027751
83.658947
1.585125
2.069451
0.028681
0.148412
0.012200
0.013591
0.040960
22.791848
0.112091
0.110902
3.458533
0.012950
6.902295
0.274994
0.175663
0.023870
48.706064
0.016750
0.026731
0.052891
0.018170
77.095107
4.690901
0.586529
0.346355
0.056661
0.014880
0.311245
0.009360
0.012821
0.011020
0.006780
0.010060
32.332584
0.032910
0.069091
0.021080
0.050061
0.888173
0.024700
0.010730
0.023301
0.771442
0.285094
0.519208
0.042931
0.217073
0.010980
86.213617
0.024220
2.012670
0.076551
1255.267055
0.024580
0.036461
0.017790
9.794030
0.081352
4.336506
0.033581
0.011610
14.903808
0.608809
0.014430
0.055740
0.012761
4.997466
0.745771
0.014350
0.510098
0.049470
0.022130
0.006230
0.011690
2.355566
0.006141
0.077691
0.117502
0.010360
0.020820
3.476283
0.031091
0.022020
0.340206
0.013110
0.011710
0.066881
3.435153
0.009290
0.742251
0.020811
0.012680
10.930897
1.600565
0.022990
0.010320
0.008290
0.048380
0.122372
37.611994
0.040700
0.174703
0.361706
0.011350
0.028980
0.010650
0.012890
0.023490
0.011240
0.060371
0.011361
0.048580
0.007660
0.863113
0.027570
0.122432
0.414457
0.026460
0.021090
0.046250
0.013190
0.010020
0.024330
1.845298
1.698676
0.047410
0.011511
0.014090
12.513211
21.360296
0.014671
0.044980
0.175703
0.374146
0.266004
0.022960
18.510092
0.642620
0.078841
3.597855
0.025981
0.302825
0.012250
0.074011
0.258844
0.006130
0.008780
0.022321
6.050622
0.760932
0.282804
5.169989
5.187459
0.020650
0.010300
1.694706
0.532238
0.046161
2.521109
0.010930
65.209526
2.742532
108.381105
0.070051
0.015090
0.191433
0.719631
60.607355
0.072381
1.359561
0.169712
0.039241
0.014900
0.012291
0.023500
0.067061
0.025681
116.883294
0.062861
0.016180
0.039841
0.024600
5.975241
0.035280
0.020970
0.026900
0.008320
0.013470
0.038301
1.658846
0.030110
0.221914
0.809452
0.193213
0.444657
0.139622
1.362531
0.066951
0.027781
0.048781
0.024570
0.460097
0.034151
0.046311
0.063351
0.030720
0.259864
0.037041
0.042221
0.367145
0.020451
0.359745
0.477317
0.029871
0.123592
1.410152
0.855923
0.012940
0.171143
0.023610
0.351566
0.134632
0.080591
0.936904
0.022401
0.036170
0.228724
0.120882
0.017280
0.044581
0.336875
0.025771
0.234713
0.043471
0.036961
0.307004
0.029141
3.657936
0.406596
0.233154
0.079861
0.020960
0.317124
0.037491
0.029341
0.037300
0.028501
0.106552
0.227303
0.121062
0.041541
0.634450
0.147102
1.045186
0.020990
0.016041
0.751661
0.036391
0.758581
0.028521
0.065541
0.690900
0.245143
0.021081
0.064991
0.156562
0.023351
0.021750
0.068371
0.070001
0.126422
0.030111
0.694721
0.019220
1.200038
0.106762
0.030721
0.033720
0.253324
0.123752
0.010240
0.065121
0.222364
0.484277
0.020491
0.020800
0.277964
0.042721
0.933814
0.086032
0.084071
0.051941
0.093831
0.152253
0.040740
0.921225
0.125932
0.069551
0.120032
0.014870
0.034881
0.074441
0.026000
0.190993
0.114482
0.216573
0.038931
0.016850
0.038541
0.209103
0.295485
0.176723
0.091931
0.035061
0.207293
0.030731
0.732971
0.530048
0.277194
0.143843
0.953854
0.051931
0.224603
8.244326
0.640319
0.094702
1.310020
0.038651
0.254324
0.044380
5.236270
0.436367
0.174333
0.027690
0.042831
0.039521
0.234923
0.339436
0.087291
0.586469
1.736817
0.421796
0.039191
2.354916
0.024670
0.427757
1.161168
0.208723
42.376287
0.220284
0.070611
0.260524
0.025060
10.452220
2.295925
0.122832
0.093581
0.075812
0.078581
0.424406
0.238494
0.731041
0.035191
1.452282
14.779946
0.252874
0.031490
1.293010
0.006680
0.449137
0.009120
0.101831
0.416716
0.116641
0.004200
0.061860
5.274500
1.355451
0.768862
20.033436
0.255974
30.937912
0.006880
0.519708
25.871735
0.085481
1.478282
1.290950
2.287025
67.473290
0.379696
2.922005
36.147032
0.023451
26.666837
2.614569
0.220113
1.230839
0.040721
0.066851
0.398776
0.133432
0.068391
4.128993
0.131642
0.693991
0.824683
1.193468
0.125782
0.832683
0.022511
0.030400
0.142502
0.011741
0.027420
0.050771
0.055581
0.022760
0.025731
0.012940
0.108742
0.045510
0.021441
0.024120
0.021941
0.162202
0.023671
0.067201
0.017330
0.102992
0.022200
0.063171
0.012130
0.483058
0.012540
0.011920
0.013481
0.010990
0.045641
0.016530
0.022260
0.007340
0.011970
0.023670
0.014690
0.012081
0.025590
96.033666
5.666006
1.047536
0.022500
0.461217
0.117731
3.551495
0.494427
21.045002
0.048981
1.661485
46.606742
137.616381
0.026310
0.879614
0.337525
1.429222
68.194161
101.287457
1.501113
0.150723
0.018030
0.061191
0.013520
0.019151
0.068101
0.036560
0.040310
0.030891
0.034150
0.048411
287.521350
0.077561
0.132522
15.593808
0.088721
0.058201
0.057991
0.100781
0.058901
0.082712
0.031900
39.826518
0.025530
2.760102
738.838281
777.508762
0.037990
0.017041
0.133502
669.496133
390.718106
837.969045
6.790244
295.593604
666.469307
781.638235
408.058941
3203.508347
154.848815
8.109744
2765.265019
0.033521
3905.229809
2665.310375
17.206873
3703.020206
0.956685
1223.878923
0.143332
0.075872
0.058981
0.034630
0.021811
0.038880
0.079441
0.030180
0.023550
0.029140
0.007370
0.325425
0.030091
0.032450
0.132302
0.032241
0.021780
41.808209
2756.229199
1553.209494
1.088827
6.215745
39.953041
7.104019
101.956547
1095.860299
1.108557
128.060186
19.203014
78.062222
14.235597
43.336602
2237.463407
2220.955696
2193.086262
2202.034039
2206.218824
2198.496286
2196.304574
2196.350325
2193.840809
38699.966783
19359.135452
7504.943399
20680.791514
7269.329620
18713.070684
0.045350
1169.971408
7931.091545
124.225590
293771.223107
1583.694110
1077.085667
933.421459
761.724398
1025.792567
4487.590593
1212.220274
21.339698
1231.440413
1043.171601
3080.621432
3006.397203
77.592159
0.293686
1.619641
0.034121
0.009430
1.058440
1.990428
22.627011
0.026750
0.015921
0.027760
0.020181
69.757339
165.855289
8.503012
9.078813
0.040761
2197.622312
6150.639633
366.617325
1041.159946
11.434987
71.574520
13.075398
129.576581
1.708342
58.080953
7647.944594
0.105192
1641.177107
0.091572
0.012341
5.113497
383.029933
0.395317
295.272862
34.595165
3.127099
465.254988
0.049761
0.021780
859.612742
1232.723656
6.328900
0.031581
0.053821
1093.369303
0.131243
2269.171533
5522.663749
5443.735808
0.040931
0.121382
2488.349577
0.182554
3.910813
298.550501
2448.876128
12.568737
0.279405
4492.585778
10330.534471
2.039908
3779.388564
0.047701
26.888963
6167.968217
7820.342631
924.750931
0.274565
0.142493
475.909961
4604.078754
4318.740014
0.111842
1.026499
0.018500
2.566078
0.191794
19.922780
38.980655
0.389717
0.396607
2644.465017
5.021724
20.604663
101.686910
601771.998543
634.013914
126.617086
2731.854663
10.054890
1164.668038
2.285858
1.427414
289.008183
601969.457781
601570.878271
0.057231
1.486224
0.209874
192.614115
2656.118105
8494.842844
7.316486
15280.279694
47.476917
3345.946392
47.062351
2034.445448
0.139772
968.293674
20703.241499
0.042710
2.416765
1574.074203
14.485751
0.036991
20709.861233
1053.172239
4131.026488
223.593858
0.084991
0.008441
1730.426902
0.079631
5225.917231
1620.890630
338.486125
0.046861
601045.485607
0.045810
0.104392
128.900381
14766.630419
601015.133468
878.242604
1.941931
601664.720869
2484.769307
539.302504
601007.443416
4939.505717
303.658792
25.533302
4687.147698
416.587375
25.081405
6.548678
0.051970
11994.878078
23433.098430
34.074742
1.282259
692.120483
307199.863396
1048.973322
319554.116213
25.004808
616130.311359
83.944642
2457.320112
120.219679
1.401532
26.062657
2263.390441
4.731944
35.074468
10154.560312
18.619251
1784.030270
601164.781470
0.075241
601068.504348
621.429684
937.958816
1830.582694
0.096151
944.019461
1.840399
1.603635
498.123468
2661.269597
7305.907777
9867.444924
4009.320603
22.313079
160.942084
2317.122717
383.308966
2.026741
608107.844643
0.071351
2844.017286
0.065361
0.049861
1.838608
178.704877
24710.519200
97617.011442
2466.154331
0.081941
0.034960
601001.767461
0.048960
1971.884686
550.270446
284.100133
601069.623677
7220.974736
1.160348
42.580845
25.058146
9952.694572
2.254884
10.348889
0.029791
928.672352
963.528829
7236.178967
97.576652
1.958141
7235.200476
0.072781
933.277167
7538.421169
1.123927
541.727081
0.050501
0.025500
3335.061481
1096.712367
4145.650847
156.100694
4991.929763
101.623475
1.239309
0.095211
32042.599853
9.764031
0.829253
601634.757694
1440.272456
0.057000
2.045442
3920.438861
0.036141
5.404775
3.275401
3.297141
3773.127240
0.185762
4636.935389
502.619195
529.951199
1005.596396
59.623934
11225.770360
1551.026785
601275.069192
17.765120
601336.630200
562751.742986
560551.688161
24.006322
9770.799390
185.084025
8.517679
0.082412
602326.353642
603206.913541
181.552081
601000.144202
291379.046031
0.036561
315.647243
1959.140336
4873.022802
602400.356376
4660.728393
1122.558085
0.115202
384.208572
3990.174297
342903.867142
227.038600
2435.189641
4174.039231
2341.156671
8246.799559
19.983968
4.796034
172.285140
601149.942326
3439.348787
23.867840
1355.045493
601298.410539
49584.399320
58.618401
601110.576633
603114.056387
0.067191
9.843366
580867.928875
177.776615
601389.031689
3771.470104
9.183007
20.796673
4.557483
197.893900
0.044290
1116.078736
24.780507
0.125512
0.021011
0.012670
0.017090
0.014371
601332.261801
362114.711626
0.544849
6893.911494
2408.841003
203.744942
601557.446156
339655.862446
7937.103826
0.044111
0.036201
1118.396892
601070.271286
356296.582131
5.888144
205.109976
224.744280
11.784838
4.423971
179016.347931
179277.570894
180.096316
19.043952
0.043731
5.461416
0.068031
0.024960
0.017920
0.021610
0.039571
66583.587504
0.123072
1879.733398
1168.269281
1187.329992
19723.877640
2723.728457
519.017065
4075.795766
601131.471871
0.094481
5.214840
80.089837
3961.991863
0.044321
601849.742767
2.713773
2577.922263
31504.779209
201.614904
1335.082941
601571.049397
5.889492
123.233123
851.224464
1593.775653
1587.258471
1783.454593
1329.519319
194.506666
2.036202
240.667236
9.622340
3.223521
601160.592684
601042.163053
3377.394020
46401.869753
601293.064731
270680.372282
22743.463697
11788.427939
0.111031
106606.509738
5857.943235
601179.003187
1.783604
0.956543
0.333705
0.294064
