0.304
0.187
0.213
0.131
0.16
0.145
0.161
0.131
0.117
0.142
0.147
0.174
0.109
0.118
0.157
0.176
0.121
0.125
0.117
4.28
0.184
0.169
0.113
0.172
0.111
0.085
0.108
1.101
0.158
0.134
0.162
0.115
0.331
0.084
0.083
0.074
2.389
0.126
0.103
0.082
0.091
3.379
0.244
0.085
0.094
0.079
0.092
0.096
0.082
0.084
0.07
0.074
0.08
1.72
0.098
0.094
0.075
0.085
0.09
0.081
0.075
0.157
0.118
0.162
0.112
0.144
0.097
0.112
3.276
0.156
0.308
0.112
108.065
0.171
0.127
0.123
0.33
0.107
0.165
0.091
0.091
0.553
0.089
0.087
0.078
0.072
0.18
0.088
0.083
0.084
0.073
0.08
0.071
0.083
0.138
0.084
0.068
0.071
0.069
0.074
0.124
0.071
0.091
0.072
0.069
0.073
0.082
0.141
0.078
0.078
0.085
0.07
0.756
0.153
0.082
0.077
0.086
0.118
0.103
1.07
0.088
0.089
0.093
0.087
0.079
0.075
0.08
0.082
0.076
0.073
0.074
0.082
0.073
0.086
0.069
0.081
0.075
0.071
0.075
0.072
0.069
0.084
0.08
0.105
0.113
0.074
0.073
0.088
0.374
0.613
0.088
0.089
0.083
0.071
0.072
0.07
0.712
0.091
0.09
0.151
0.072
0.075
0.075
0.07
0.083
0.07
0.083
0.082
0.242
0.091
0.074
0.17
0.311
0.078
0.082
0.112
0.085
0.09
0.112
0.079
1.775
0.188
4.821
0.126
0.081
0.093
0.179
1.845
0.094
0.098
0.088
0.08
0.088
0.092
0.086
0.079
0.086
8.196
0.2
0.11
0.081
0.094
0.194
0.082
0.091
0.081
0.076
0.074
0.088
0.13
0.1
0.097
0.087
0.092
0.088
0.098
0.088
0.088
0.096
0.076
0.091
0.073
0.088
0.086
0.075
0.072
0.082
0.086
0.083
0.078
0.086
0.093
0.077
0.073
0.092
0.087
0.077
0.076
0.074
0.073
0.076
0.071
0.084
0.098
0.076
0.073
0.073
0.072
0.068
0.068
0.077
0.07
0.102
0.088
0.081
0.079
0.072
0.121
0.088
0.075
0.085
0.091
0.081
0.084
0.072
0.082
0.084
0.085
0.084
0.089
0.073
0.078
0.091
0.1
0.09
0.091
0.078
0.087
0.093
0.071
0.073
0.086
0.1
0.072
0.075
0.071
0.069
0.071
0.072
0.071
0.073
0.072
0.069
0.07
0.079
0.071
0.07
0.074
0.077
0.092
0.083
0.075
0.077
0.074
0.077
0.069
0.089
0.092
0.102
0.094
0.08
0.072
0.07
0.072
0.073
0.08
0.089
0.091
0.087
0.074
0.074
0.082
0.081
0.085
0.074
0.083
0.082
0.077
0.069
0.076
0.077
0.086
0.07
0.074
0.073
0.072
0.075
0.088
0.079
0.076
0.088
0.083
0.084
0.292
0.083
0.072
0.076
0.082
0.071
0.092
0.156
0.084
0.077
0.083
0.086
0.075
0.074
0.075
0.071
0.086
0.101
0.112
0.086
0.154
0.095
0.09
0.096
0.087
1.792
0.123
0.086
0.088
0.089
0.278
0.124
0.089
0.091
0.093
0.076
0.08
0.081
0.091
0.076
0.091
0.513
0.092
0.075
0.079
0.085
0.071
0.095
0.09
0.083
0.073
0.089
0.072
0.186
0.096
0.076
0.659
0.077
1.606
0.083
0.16
0.731
0.093
0.176
0.095
0.138
2.903
0.087
0.161
0.749
0.121
0.767
0.143
0.085
0.12
0.073
0.095
0.098
0.07
0.091
0.189
0.082
0.077
0.087
0.075
0.077
0.078
0.094
0.081
0.075
0.08
0.083
0.09
0.083
0.079
0.071
0.071
0.079
0.076
0.079
0.073
0.071
0.073
0.085
0.074
0.081
0.08
0.073
0.076
0.07
0.093
0.086
0.072
0.081
0.078
0.072
0.081
0.076
0.07
0.072
0.084
0.121
0.086
0.091
10.449
1.152
0.218
0.084
0.15
0.092
0.595
0.189
4.141
0.118
0.807
6.445
15.172
0.134
0.229
0.148
0.358
7.719
11.682
0.265
0.167
0.119
0.119
0.094
0.084
0.096
0.089
0.092
0.09
0.09
0.095
42.363
0.213
0.327
2.588
0.376
0.419
0.387
0.416
0.373
0.377
0.287
345.373
0.155
14.687
0.174
0.276
0.106
0.083
145.747
0.147
347.628
51.274
95.285
415.271
0.189
26.17
17.861
208.515
5.038
0.319
148.421
0.174
168.27
144.879
0.459
209.227
0.187
50.669
0.346
0.18
0.179
0.139
0.144
0.137
0.142
0.139
0.136
0.12
0.121
0.399
0.316
0.319
0.375
0.36
0.371
6.571
316.365
146.124
0.242
0.538
5.041
0.586
7.461
107.39
0.27
6.997
1.421
5.292
1.059
2.391
124.668
124.926
126.392
128.234
126.285
123.787
123.721
124.915
124.961
13.127
2.382
10.151
1.47
15.158
10.582
0.162
44.354
0.354
3.298
0.266
367.786
0.458
0.14
4.914
0.301
381.919
615.19
115.095
1338.954
928.686
260.543
322.785
0.298
0.173
0.377
0.317
0.287
0.162
0.383
5.311
0.086
0.099
0.098
0.083
6.864
17.172
0.488
0.747
0.122
0.111
354.942
24.096
2676.333
0.646
3384.249
8603.549
18.294
0.379
5.856
822.043
0.229
281.4
0.265
0.172
0.464
0.477
0.49
35.674
7.013
0.487
93.066
0.29
0.139
2.894
485.591
0.748
0.147
0.126
1.482
0.117
173.824
1.026
1.937
0.133
0.117
95.265
0.218
0.415
180312.656
0.324
0.495
0.126
0.095
0.169
0.362
5.872
0.146
0.153
1334.937
1249.978
483.873
1799.947
0.303
2.648
510.479
282.0
0.251
0.525
0.132
0.622
0.137
0.834
3.807
0.219
0.119
12.664
0.738
7.746
8.489
209.25
63.086
27.908
273.5
0.779
5.509
0.511
0.325
74.509
5.242
97.723
0.156
0.518
0.187
20.771
291.48
2837.403
0.929
2.01
5.887
2.992
12.26
200.149
0.358
0.223
0.173
0.164
0.686
291.596
1.739
0.224
1.297
0.177
0.135
155.59
0.222
14.789
4.06
0.61
54.611
146.57
47.432
0.219
3200.723
13.005
0.157
90.939
27946.355
2783.466
1.666
0.297
1752.302
1.181
37.447
58.612
786.283
21.999
2.832
0.539
41.53
0.611
41.094
0.539
0.595
0.626
4.899
0.286
0.61
3.831
261.583
0.282
3.964
1466.01
15.358
0.342
28.127
0.313
1.718
576.307
0.953
5.019
1.021
1.494
304.826
2137.687
0.234
0.527
1.036
0.108
0.124
0.301
1801.285
0.809
0.531
9.147
51.554
3.671
19297.493
148.615
4.42
0.933
188.178
189.923
0.476
1788.352
0.258
740.558
0.209
0.163
0.171
142.125
400.844
70.414
0.306
0.33
0.652
1568.772
0.802
208.564
167.108
0.236
147.598
1022.484
1.061
71.504
678.752
0.369
0.539
15.274
0.36
124.703
905.637
0.644
17.787
0.984
339.598
0.35
946.484
2086.879
0.528
2.457
4.929
0.173
402.977
202.543
830.124
16.111
0.64
562.417
0.261
0.189
9.15
0.751
0.686
71.262
4.97
0.209
0.137
525.657
0.261
1.145
1.647
2.118
0.251
0.188
11.143
16.174
0.263
61.431
7.148
0.237
67.609
3438.58
2.966
2476.871
2058.236
1744.376
3.178
75.412
14.433
1.925
1.012
9.647
1799.841
35128.622
8261.527
57480.042
0.367
765.423
472.897
54.311
18.596
132.291
0.224
0.154
61.457
87337.641
31353.886
2.14
10212.774
27912.559
229.517
279551.599
6.592
2.248
19.631
2479.121
566.242
3.175
338420.113
548.161
0.232
1.078
54.577
23.584
0.185
6533.984
5.574
998.879
63840.903
4537.362
0.946
3.465
0.989
40.699
0.246
1.381
1.36
0.161
0.183
0.191
0.199
0.172
22.536
9.247
0.215
1055.744
195.175
10.263
3.163
2.792
53.078
0.243
0.176
3.93
72.329
3.115
4.776
23.026
133.659
1.428
1.39
92.597
91.19
31.763
2.045
23.707
43.825
0.544
11.884
119.548
4436.592
0.325
2.269
0.181
582.308
11.59
20.048
258.525
7405.717
44.119
519.405
41.975
0.207
1.27
20.082
357.448
0.511
2040.887
0.674
7.506
0.868
1.939
128.975
76.389
0.312
5.887
225.05
549.659
375.407
296.142
192.766
0.964
0.771
30.295
2.046
0.759
19180.961
2320.431
1004.779
238.128
5478.18
16551.569
0.905
0.833
0.276
504.246
721.963
6.329
0.7
1.574
1.38
1.135
