1.372252
0.385088
1.808159
0.483277
2.968733
0.243347
0.336097
0.826727
0.203097
0.243154
0.344912
0.321233
0.270718
0.297141
0.677351
1.519704
0.207365
0.255872
0.217959
255.993839
2.349763
3.325643
0.204899
0.25857
0.120216
0.154324
0.14314
83.831245
0.350898
0.327943
5.088644
0.171247
14.363273
0.51241
0.455453
0.198849
219.807034
0.22285
0.2587
0.149756
0.152994
276.020126
9.824954
1.094415
0.552007
0.22818
0.204671
0.625199
0.128154
0.119912
0.11044
0.190857
0.13154
154.166266
0.240798
0.239716
0.185185
0.233857
1.687933
0.143472
0.13483
0.153466
1.262822
0.467508
0.920219
0.160157
0.380308
0.11653
245.576102
0.162767
17.382773
0.369844
8434.815504
0.187297
0.196797
0.14265
17.697832
0.24414
7.732672
0.171151
0.139038
42.805257
0.900452
0.200183
0.216285
0.169975
8.864676
1.038384
0.118874
0.969926
0.163577
0.13191
0.140448
0.13311
5.29509
0.124306
0.252296
0.323181
0.11401
0.200711
5.41718
0.218665
0.192393
0.616522
0.15135
0.186087
0.220675
5.782884
0.190909
1.454927
0.183025
0.189441
62.44413
4.763073
0.22696
0.165229
0.168025
0.222035
0.324777
87.301813
0.218371
0.48488
0.528252
0.113636
0.191529
0.119926
0.126866
0.122444
0.115652
0.168955
0.119984
0.272604
0.117634
0.850813
0.162544
0.193739
0.636472
0.134936
0.140692
0.26752
0.120016
0.117666
0.127742
3.975575
3.191365
0.177757
0.112888
0.13651
23.944181
51.624311
0.303557
0.305527
0.358556
0.737026
0.523992
0.367433
61.142523
1.389032
0.217259
6.287417
0.134128
0.52718
0.115236
0.196227
0.456079
0.109452
0.180101
0.196743
14.012186
1.1603
0.60588
7.807794
16.844175
0.209227
0.180651
3.090151
0.883872
0.239748
4.108393
0.174591
159.697641
8.194927
374.540109
0.188115
0.113726
0.377958
0.958195
152.250338
0.362412
3.029478
0.364689
0.14775
0.150465
0.119612
0.184232
0.249146
0.141892
430.340801
0.210809
0.11848
0.160017
0.142382
9.460644
0.201597
0.140252
0.132286
0.121446
0.182885
0.232906
3.640534
0.23161
0.403932
0.938537
0.3696
0.520366
0.255092
1.553243
0.257588
0.153484
0.168265
0.148414
0.599284
0.163113
0.151666
0.185843
0.145166
0.462257
0.158925
0.177949
0.516502
0.189193
0.471962
0.701041
0.152229
0.258746
1.842925
1.191163
0.255158
0.357304
0.128928
0.486948
0.274984
0.24682
1.366534
0.192433
0.180323
0.387202
0.306993
0.15314
0.189265
0.528406
0.144494
0.432257
0.233288
0.182075
0.503492
0.173569
6.664326
0.675979
0.496152
0.216775
0.158545
0.605674
0.161015
0.173399
0.172909
0.182435
0.395622
0.436527
0.309033
0.205503
1.107859
0.308525
2.006506
0.163443
0.156804
1.276458
0.170825
1.178661
0.152902
0.212143
1.764542
0.469851
0.156166
0.220854
0.409927
0.165687
0.159637
0.185103
0.259468
0.282502
0.15597
1.335351
0.161395
1.858835
0.303479
0.195743
0.159564
0.445447
0.280057
0.202041
0.259272
0.536479
1.071051
0.167761
0.153544
0.581231
0.245088
1.572113
0.296341
0.245706
0.190123
0.250274
0.341655
0.178337
1.964367
0.372446
0.21571
0.258616
0.139762
0.15457
0.249354
0.146988
0.386146
0.268742
0.437639
0.164365
0.154324
0.170579
0.378402
0.473417
0.336727
0.236616
0.164948
0.401504
0.170461
1.207261
0.953535
0.52589
0.275572
1.003472
0.203531
0.288641
19.309632
0.768422
0.229189
1.460023
0.147486
0.357072
0.158937
5.685604
0.552659
0.273626
0.160469
0.170593
0.219972
0.377522
0.437783
0.186463
0.7636
2.528158
0.582839
0.180461
5.265913
0.142012
0.911634
1.546056
0.291978
161.728182
0.413981
0.230986
0.52715
0.130468
15.600779
2.916178
0.300247
0.236994
0.243468
0.243786
0.580993
0.36587
1.204381
0.218657
1.789298
37.718454
0.343149
0.137948
1.420807
0.1139
0.618784
0.114904
0.236224
0.685157
0.212233
0.11274
0.183891
8.776733
1.550208
1.208839
49.82405
0.482754
134.486633
0.177375
0.79793
53.610026
0.299679
6.829958
1.468247
4.518931
270.513117
0.433573
6.490651
56.946396
0.189773
61.777793
4.617631
0.305273
4.734085
0.14588
0.183965
0.413781
0.283895
0.198111
9.36797
0.224242
0.973103
0.753434
1.370192
0.277232
0.87765
0.182333
0.214897
0.383272
0.179985
0.187613
0.177433
0.227454
0.174481
0.141784
0.160539
0.282594
0.170741
0.196997
0.209277
0.148012
0.332043
0.143968
0.2302
0.171107
0.245478
0.147724
0.213257
0.153229
0.795461
0.197569
0.199817
0.177781
0.192029
0.212767
0.203209
0.185921
0.185361
0.168761
0.211907
0.183497
0.190323
0.189613
207.897892
112.271222
1.198715
0.155403
0.250618
0.779312
4.946594
1.447493
102.094444
0.193257
9.367056
54.708927
227.859598
0.237132
273.247702
0.553867
50.900099
70.06211
156.486413
0.725515
0.497206
3.476609
0.162129
0.215922
1.985334
0.266892
0.158093
0.162123
0.144188
0.226785
0.144739
407.870107
0.225872
0.2512
164.364969
0.349692
0.233524
0.258352
0.206903
0.229915
0.22729
0.223415
389.270908
0.198869
12.329681
0.24318
3.072835
0.12399
0.14274
162.578269
0.217152
492.374302
98.985237
106.960652
615.54041
0.236218
1191.308458
1136.349008
9332.050107
370.304943
8.410449
9372.372251
0.287277
7273.277399
9338.961136
22.242193
9358.920767
1.058131
2545.507616
0.258944
0.205693
0.164003
0.139714
0.226514
0.212811
0.291343
0.195073
0.200793
0.187927
0.178937
0.294209
0.201443
0.170315
0.23557
0.174209
0.197851
124.591615
10183.701258
2639.639978
2.109241
6.384193
10.091451
1.133046
143.25416
1360.731549
0.759116
973.413294
8.094828
53.623531
6.250461
24.079518
9161.410913
9153.932172
9161.460729
9197.551068
9149.827422
9156.39309
9165.360082
9194.903377
9172.74922
200.292008
52.172053
1.263964
92.317742
181.617646
86.602563
0.22708
288.828114
0.957281
34.944416
0.907489
875.972748
1.588245
0.231918
50.794448
1.038693
11901.645476
2280.935592
14.433827
9356.813411
2290.524882
2433.078501
2899.38554
0.274256
0.251724
26.427336
0.262668
0.178791
0.432245
0.354302
6.064242
0.345846
0.142342
0.168735
0.182789
43.795645
132.342908
4.729733
3.628575
0.216425
0.212191
10320.455035
603.357248
5015.142302
4027.556766
212.234451
4.302606
653.374777
0.85081
110.638279
9881.42409
0.276308
2637.342322
0.286611
0.23729
7.352808
0.203779
2.865405
4152.725124
293.738915
0.771836
599.165848
0.216611
0.0
2.12884
1257.751264
4.805458
0.184035
0.157773
2.51358
0.259398
10004.706273
1.91666
2.939647
0.178559
0.342602
3499.663833
0.569843
1.18196
766.557135
0.315831
8.182137
0.406058
0.217726
0.256474
5.80236
94.467541
0.217767
0.417421
10454.229328
8562.106816
1862.418292
0.361284
0.296505
2236.429423
8467.289486
4415.365061
0.178409
0.483434
0.140184
0.78183
0.299713
21.829164
4.156864
0.212749
0.728406
146.166293
634.740005
9.527303
16.500072
2667.08653
326.776319
221.820402
9771.629104
0.650826
8.174919
0.618948
0.379202
6.60196
22.94369
406.676712
0.236318
0.776744
206.832655
708.33342
10001.54176
27025.854061
564.317651
4.774461
43.356013
8.480108
14.820303
9927.553164
0.337412
0.212641
92.032374
0.27071
0.769484
10726.851109
102.943326
0.276897
1.372342
1.043116
0.258644
6.015263
0.228638
0.655072
29.848092
0.226578
3163.389003
5115.016986
709.60232
122.355153
648.072986
0.240854
0.176123
278.849447
57057.383665
273.49199
9.238708
1.265836
6008.312286
2.007188
2367.874764
409.02919
6998.896499
648.56188
5.040483
2.20307
276.391817
4.920714
82.895185
42.211115
1.796008
1.710909
45.170305
0.824879
10.051958
18.985049
999.545235
0.368
28.631781
6395.311482
83.151769
0.254902
121.155254
2705.318437
97.926334
10513.89955
192.48345
19.484604
1.509307
741.009614
10260.23037
9872.46904
0.0
11.509884
0.266034
0.186681
0.190575
0.205761
1064.651088
0.953145
0.337581
1015.50382
1206.009048
5.398103
11034.554041
13617.592717
109.185571
2.680633
9855.79332
143.446881
0.369772
6054.324933
0.268268
405.229432
0.448877
0.23545
0.858437
13474.371226
2046.868096
97.000463
0.712491
0.243904
19.542282
4711.836111
0.0
9921.564329
2646.188521
0.181157
170.053892
32098.513306
196945.736015
60.404455
333.910539
0.5073
2.994038
1.676789
0.222755
1024.346838
1972.292084
3.567315
163.341702
1.605226
11273.484025
230.643075
344.382523
56693.930655
318.52154
1.934429
5.9524
0.273012
10329.811021
10430.250592
14996.810949
171.208442
1.591447
148.781164
1.518866
0.312557
16.427357
8.308468
0.484221
137.326031
548.296337
6.412307
0.224815
10064.45552
0.0
3.918405
5.323413
4.69149
0.452199
0.192403
84.917108
1118.580372
207.50273
960.859831
13.674595
2.22783
644.815253
17639.769392
8.637454
272.53232
276.365743
277.231978
5.980678
141.941455
1085.937269
61.039651
0.280322
39.243152
6082.123431
22856.699186
600849.475075
479770.547901
0.209057
175.342501
391.560583
85.869186
239.555725
13450.93464
0.26236
0.308139
511.808133
6863.060029
600874.913368
7.581383
9414.031916
68972.574972
10474.807278
601026.035612
84.493579
22.973304
1764.995212
14223.695311
10946.578764
30.160006
0.8227
2646.633713
1284.391274
1.67345
241.078454
55.445091
0.241013
5.663489
8.910701
850.683269
10123.960619
28965.856888
15.502688
51.665127
1.903119
79.042064
0.233497
1.844788
1.626893
0.761956
38.768691
33.263554
34.606299
36.184088
42.21085
42.856438
0.195526
31850.804725
10047.276194
340.376749
7.151797
4.760209
147.738066
0.257631
0.0
146.227675
382.542009
4.964434
2.835021
123.801919
57.457949
6.344967
258.416332
250.321495
250.864945
182.139963
10.156643
25.063272
23.073517
0.599602
0.71982
5.987894
0.227669
0.313672
7.526521
0.174912
10739.281979
56.839009
93.313198
99.015342
56641.682619
691.79101
8319.718008
2845.90041
0.281476
1340.824615
2066.805932
10190.360256
0.0
10192.429475
0.795861
15.998779
1483.507007
8.72851
424.756906
721.706247
6.730025
147.557196
10203.257042
9650.909958
12467.380577
6734.052424
6426.775944
8.727015
23.977714
333.696136
3.897637
2.486304
22122.304849
10408.848219
894.51609
166045.068186
11944.135857
12770.757478
1.641817
35.921086
684.417631
1494.862231
13498.391753
22.739342
1.398281
0.516696
0.492106
0.516348
