0.25802
0.008802
0.261726
0.008472
0.503257
0.002868
0.003096
0.141374
0.002508
0.006376
0.01027
0.013054
0.006536
0.018292
0.11553
0.283782
0.00283
0.01279
0.007644
84.127763
0.619625
0.85031
0.008748
0.042455
0.003676
0.003616
0.012788
16.834188
0.036109
0.03638
1.547588
0.004826
3.437755
0.090413
0.055975
0.00744
51.874645
0.007198
0.009206
0.004472
0.005474
76.964994
2.093856
0.212633
0.113772
0.018358
0.00367
0.10298
0.00291
0.002992
0.003156
0.002186
0.00281
27.47126
0.011456
0.021312
0.006664
0.014736
0.350661
0.00746
0.00297
0.007156
0.299892
0.098795
0.221177
0.014288
0.073667
0.00331
90.269628
0.006196
1.602983
0.031906
1235.619695
0.006354
0.009628
0.003826
4.438898
0.02141
1.940496
0.007926
0.003452
8.623622
0.215341
0.00376
0.016134
0.003624
2.300197
0.274222
0.003606
0.185631
0.015002
0.007332
0.002942
0.003192
1.089711
0.002196
0.02299
0.036689
0.002958
0.00701
1.535724
0.010134
0.005942
0.1141
0.004494
0.00345
0.022004
1.530898
0.00279
0.300586
0.00679
0.003546
7.806058
0.82263
0.008466
0.00327
0.002514
0.014998
0.040717
36.766597
0.01477
0.069277
0.122004
0.003198
0.009358
0.002764
0.003262
0.006898
0.003688
0.018256
0.003072
0.021796
0.002498
0.218967
0.003726
0.02422
0.106404
0.006632
0.005824
0.011072
0.00355
0.003184
0.006508
0.804384
0.714668
0.01347
0.00304
0.003344
6.411202
15.340839
0.004922
0.012832
0.056291
0.12654
0.084861
0.00659
11.812422
0.257884
0.025628
1.695055
0.007556
0.103276
0.003642
0.023102
0.085681
0.002274
0.002316
0.007016
3.067686
0.296436
0.10094
2.726205
3.115241
0.00774
0.00374
0.794691
0.204121
0.014232
1.178855
0.003078
68.242753
1.424796
108.819419
0.020124
0.003738
0.066161
0.270856
65.093374
0.029103
0.628665
0.054385
0.011526
0.003962
0.003668
0.007162
0.020032
0.00772
117.858896
0.017356
0.004178
0.012336
0.007274
2.681217
0.00791
0.00685
0.008258
0.002534
0.003818
0.010926
0.739365
0.0086
0.067441
0.26267
0.054257
0.13007
0.039875
0.46376
0.017958
0.00754
0.013922
0.00694
0.142284
0.010286
0.012654
0.018378
0.008996
0.075287
0.010198
0.01283
0.107182
0.009582
0.106416
0.158302
0.009098
0.035297
0.509425
0.304618
0.004958
0.048457
0.007526
0.104293
0.040255
0.02526
0.338999
0.007572
0.01129
0.068913
0.03384
0.006668
0.013584
0.104599
0.008344
0.071763
0.01522
0.011944
0.092629
0.00981
1.477251
0.13555
0.076049
0.026186
0.00809
0.103122
0.010078
0.009948
0.012548
0.009302
0.032315
0.069607
0.038821
0.013226
0.227741
0.044203
0.427698
0.007476
0.006018
0.287252
0.011986
0.2882
0.009388
0.020436
0.273986
0.074199
0.006838
0.022204
0.051319
0.0092
0.007816
0.021222
0.021494
0.04029
0.010214
0.274892
0.006718
0.469433
0.037849
0.009606
0.009844
0.080959
0.039325
0.004378
0.022492
0.073059
0.188091
0.008144
0.007464
0.092669
0.014854
0.363567
0.026074
0.027114
0.015806
0.02813
0.051913
0.013132
0.38935
0.044549
0.023144
0.037962
0.00621
0.010952
0.027302
0.009028
0.062511
0.036962
0.077859
0.014088
0.007664
0.015086
0.067631
0.099983
0.061021
0.02887
0.014444
0.069847
0.011244
0.305259
0.209815
0.100543
0.043053
0.349505
0.015004
0.066331
4.271048
0.215889
0.026594
0.502611
0.01235
0.081943
0.014954
2.157425
0.142578
0.055141
0.009146
0.015138
0.0159
0.079993
0.108635
0.025436
0.208647
0.727818
0.147298
0.012314
1.23074
0.007886
0.186741
0.469131
0.066519
42.354762
0.089117
0.023954
0.103643
0.00975
4.815985
0.98246
0.046393
0.030368
0.027036
0.02639
0.144948
0.072753
0.295518
0.013632
0.598797
8.59963
0.078309
0.00901
0.518537
0.002514
0.159758
0.002388
0.037176
0.160308
0.034113
0.00176
0.021202
2.535782
0.547146
0.29263
12.059822
0.089961
24.39657
0.003162
0.199185
16.751161
0.024854
0.900027
0.513907
1.122078
57.445826
0.097603
1.381358
14.996758
0.003374
14.891075
1.145376
0.063485
0.777445
0.009408
0.021042
0.117574
0.044659
0.02151
2.026019
0.032969
0.228435
0.242974
0.406018
0.033559
0.260102
0.004702
0.007758
0.036967
0.003114
0.007248
0.013088
0.015
0.00658
0.006534
0.003424
0.028904
0.01165
0.00634
0.006746
0.006384
0.043173
0.006488
0.016902
0.007704
0.025226
0.006568
0.016958
0.002998
0.134916
0.003064
0.002902
0.00275
0.00334
0.011004
0.005374
0.006196
0.002236
0.002828
0.00651
0.003648
0.002934
0.00666
85.017877
2.446563
0.387372
0.0047
0.154678
0.033735
1.499336
0.219685
16.479558
0.014484
1.198157
45.952136
139.621398
0.008924
0.30528
0.106429
0.51728
68.014684
104.172309
0.511097
0.035878
0.005588
0.016812
0.004272
0.00551
0.021008
0.012166
0.012434
0.010666
0.011046
0.01398
288.365042
0.0198
0.03909
7.687423
0.024086
0.018972
0.019108
0.032187
0.01902
0.027138
0.011642
30.420535
0.006744
0.981072
0.058917
0.681702
0.004168
0.004312
0.033758
0.011464
218.739481
61.537589
1.385094
273.781683
0.011874
767.84801
383.495291
3204.497402
155.060189
3.639361
2708.040059
0.009776
3863.58167
2644.107445
11.76429
3669.66575
0.349441
1203.586086
0.039585
0.02364
0.020768
0.015016
0.013294
0.016566
0.02375
0.016764
0.01395
0.014468
0.00434
0.084641
0.00905
0.010222
0.036437
0.010276
0.008002
34.765667
2808.838246
1535.177764
0.425708
2.768424
38.571917
2.851815
103.886799
1114.402115
0.436372
132.428909
11.67054
80.506363
7.045683
35.094503
2192.837154
2189.130329
2192.713642
2191.279442
2185.551041
2189.049203
2195.345023
2199.125251
2192.456532
53.149968
5.814525
2.009271
6.588008
14.000647
17.714915
0.006516
100.985784
0.222893
4.687227
0.336441
495.596061
0.309773
0.009658
7.024419
0.286742
4341.756346
482.340277
14.363918
1210.796637
307.84286
609.375701
574.333334
0.134692
0.076277
0.566894
0.008048
0.003882
0.330599
0.650938
14.429373
0.008554
0.004872
0.007638
0.006412
68.613886
167.954898
3.621259
4.137603
0.008668
0.012104
6099.946649
373.558646
1180.238551
1.297549
70.065582
1.662627
128.486556
0.592307
58.020249
7628.863971
0.029858
1604.657323
0.02601
0.003622
2.29536
0.038017
0.328917
47.533338
21.884552
1.21059
454.755826
0.014022
0.008028
3.457405
466.082482
3.211755
0.006864
0.01568
2.941623
0.02899
2275.968927
11.783806
25.273709
0.007222
0.026086
2492.013552
0.075499
1.976829
305.009061
0.738803
4.408211
0.091139
0.017096
0.058653
0.959932
21.778735
0.009964
0.069601
6200.999778
1495.759565
906.228629
0.077907
0.042163
3.703479
4494.933897
1124.259933
0.027998
0.31929
0.005412
0.948482
0.086593
20.343223
21.988041
0.084433
0.117752
91.509929
1.936589
15.736191
102.753453
1981.176117
613.469747
126.352697
807.088169
1.184806
31.283259
0.620619
0.419656
13.421251
40.631909
621.520571
0.01092
0.476387
0.043387
49.585692
2667.059956
2531.698792
3.123766
34.476961
48.179987
39.018008
39.470756
1984.863574
0.039499
0.008684
0.01396
0.00789
0.673944
1541.771901
8.132885
0.009928
23.842309
0.063585
0.048073
226.773762
0.025354
0.005194
9.831774
0.018068
110.615231
1608.99
307.835876
0.014462
123.367415
0.008834
0.023322
125.226134
14694.617064
11486.635934
6.313142
0.805578
2737.231692
1.73292
124.08714
205.536352
4953.197134
310.626174
21.704239
2.446517
401.707175
1.06046
5.168771
0.014538
0.960272
0.590427
29.213251
0.40935
0.651048
126.43219
1043.81423
1.996544
12.951077
6399.775587
85.331453
0.349227
151.353327
0.469929
24.904531
2220.556015
1.491506
30.337424
34.74796
8.906247
1276.818278
3509.593771
0.02283
31.038737
637.849296
0.015444
0.029739
0.01523
795.643302
0.685476
0.678158
54.166712
158.077067
2.589488
1621.907393
104.153399
17.728285
1.556901
920.58681
16.07547
0.674696
6370.231177
0.019572
2848.391065
0.0163
0.014866
0.330569
22.047553
609.722991
1006.447235
0.268994
0.016008
0.012116
4540.105821
0.015192
1942.86432
536.051341
0.016686
389.910201
7209.120782
0.434332
38.391308
40.78967
0.248758
0.855525
9.247626
0.011248
922.405095
908.371266
1.301339
94.196205
0.814732
7224.123509
0.017902
932.596522
7422.868448
0.436611
10.252658
0.009904
0.005126
3264.123691
1093.084786
3585.823864
160.720647
1.009645
99.099375
0.420688
0.026363
31.237316
3.927508
0.253003
137.592679
1492.829432
0.016974
0.741258
4083.048493
0.014404
2.146091
2.460001
2.918551
0.293288
0.028561
19.356998
62.667916
0.049937
0.034233
59.44823
0.264951
135.818812
8870.978517
11.028367
11512.306918
5120.181822
5131.468194
19.882235
360.397627
181.551826
3.965104
0.021122
17.632652
6400.835231
177.531866
601000.22798
293659.149434
0.00881
315.346657
1959.205007
341.505463
205.334086
131.831402
0.257063
0.01352
382.954386
4055.930994
344820.217016
9.746571
2469.230599
4073.628487
2295.724249
8184.142032
15.797627
3.958411
171.683558
9219.162883
3440.8851
14.693433
0.452449
1074.064575
1240.071039
54.188209
222.45589
71.556914
0.014704
4.825024
12.138486
143.549305
7825.278999
3735.800081
3.822244
13.127377
2.014526
64.787236
0.013914
2.058489
1.282195
0.009496
0.009266
0.00631
0.009226
0.00794
51.491128
41.567257
0.140062
6934.797096
2453.053392
197.243653
15.576433
5.46101
51.344491
0.011786
0.013534
13.750385
193.953342
4.733009
1.463088
204.433277
81.792553
7.523483
1.970232
1918.543574
1913.927956
177.794392
12.970549
0.014482
4.641824
0.01812
0.011688
0.012934
0.01486
0.013726
4.447239
0.020518
1830.023424
70.545801
87.119608
20.983752
2696.586257
501.244091
4054.985168
117.098653
0.03252
1.466044
64.155681
3957.145557
0.013578
3987.379184
0.677468
56.947767
5.433948
4.850463
1354.719054
413.536905
2.55266
113.675097
847.567637
978.863555
1124.158899
1261.432399
704.697937
0.825086
0.592033
240.943657
4.296325
1.257537
6429.20916
16031.122644
908.429894
1401.831129
26375.057534
14504.329911
1.144203
0.677622
0.019164
105940.697382
5859.680398
37.598056
0.656602
0.36719
0.264394
0.257502
