0.255122
0.008628
0.27068
0.008368
0.508925
0.002964
0.00308
0.143644
0.002524
0.006468
0.010808
0.013594
0.007042
0.018962
0.116536
0.289118
0.002794
0.012532
0.00769
85.03412
0.617761
0.855994
0.00808
0.043093
0.00351
0.004226
0.011922
14.979636
0.035123
0.035618
1.551529
0.003808
3.46142
0.090421
0.055281
0.007232
48.050393
0.00554
0.00834
0.004026
0.005428
77.933703
2.478954
0.221967
0.117762
0.017888
0.004148
0.109442
0.002586
0.003446
0.003246
0.002282
0.002716
26.630335
0.011506
0.020882
0.007076
0.015022
0.346433
0.007434
0.003076
0.007112
0.29639
0.093735
0.206497
0.013052
0.070619
0.00351
86.934458
0.00597
1.646016
0.030487
1245.394531
0.006044
0.01012
0.004404
4.467561
0.021892
1.963257
0.007814
0.00351
9.650238
0.214905
0.00388
0.016574
0.003594
2.388797
0.27738
0.004124
0.186375
0.015102
0.007104
0.003048
0.003346
1.100234
0.002244
0.023138
0.037501
0.002892
0.006928
1.551789
0.010014
0.006068
0.11829
0.004488
0.00347
0.023828
1.67322
0.003002
0.309614
0.00702
0.004054
9.109
1.023967
0.010746
0.004536
0.003016
0.019494
0.051797
36.562953
0.014144
0.068041
0.122668
0.00362
0.009162
0.002888
0.003498
0.00715
0.00367
0.018304
0.00303
0.0221
0.002412
0.218233
0.00371
0.024478
0.107584
0.006808
0.005924
0.011182
0.003446
0.003138
0.006988
0.803274
0.711012
0.014124
0.002686
0.003392
6.22076
14.817045
0.004332
0.013222
0.057977
0.126876
0.085739
0.006828
11.498387
0.260366
0.024764
1.665932
0.007638
0.103017
0.00378
0.022066
0.085701
0.00216
0.002272
0.00661
3.076757
0.294462
0.101663
2.336116
2.947687
0.007692
0.003668
0.763341
0.201431
0.013708
1.148069
0.003008
66.340446
1.429909
110.850777
0.019492
0.003966
0.065553
0.268106
59.990366
0.028231
0.637439
0.053205
0.01179
0.003838
0.003644
0.00765
0.020434
0.007372
119.941159
0.017588
0.00466
0.01227
0.007054
2.678947
0.008208
0.006918
0.008352
0.002572
0.00368
0.010756
0.741399
0.008554
0.068089
0.257316
0.051671
0.128816
0.038365
0.457506
0.01841
0.007504
0.01394
0.007208
0.142238
0.010734
0.012646
0.01783
0.008642
0.076917
0.01077
0.012336
0.107448
0.009516
0.10727
0.156306
0.008978
0.036947
0.501873
0.300264
0.005216
0.047873
0.007862
0.102987
0.041101
0.024458
0.337237
0.007884
0.011484
0.067759
0.034551
0.006954
0.013216
0.105989
0.007312
0.071975
0.014892
0.012024
0.093221
0.010136
1.448405
0.133292
0.075679
0.025488
0.008394
0.10316
0.01041
0.009958
0.01332
0.009116
0.033001
0.069651
0.038735
0.013218
0.226949
0.044391
0.428614
0.006898
0.00575
0.285492
0.012262
0.288516
0.009362
0.020478
0.275572
0.077611
0.007192
0.022074
0.051677
0.009268
0.007806
0.020686
0.022798
0.041155
0.010172
0.271454
0.006798
0.467715
0.03915
0.00937
0.010776
0.081259
0.039435
0.004842
0.02294
0.073325
0.189413
0.008198
0.00761
0.093929
0.015034
0.358377
0.025752
0.027302
0.016386
0.028096
0.051261
0.01338
0.384883
0.043813
0.02355
0.037369
0.00582
0.0111
0.02708
0.008978
0.062763
0.037529
0.075217
0.012564
0.006904
0.015046
0.066543
0.096199
0.058177
0.027444
0.013922
0.071941
0.01115
0.29371
0.201761
0.096751
0.043413
0.352021
0.01516
0.067325
4.297231
0.216535
0.027016
0.505609
0.011566
0.080969
0.014912
2.177698
0.143318
0.054289
0.009192
0.015452
0.016646
0.079747
0.108282
0.026332
0.207165
0.725157
0.147128
0.012176
1.23919
0.00723
0.184789
0.471131
0.067311
32.772324
0.082905
0.021962
0.099963
0.008526
5.349994
0.97522
0.047635
0.031222
0.02856
0.02621
0.145702
0.074845
0.298604
0.014026
0.594053
8.465607
0.080349
0.009134
0.511497
0.002476
0.159586
0.00246
0.036628
0.15919
0.033379
0.001724
0.020066
2.496798
0.541502
0.29104
12.012547
0.090895
24.157703
0.00318
0.199931
16.331453
0.024984
0.902017
0.513677
1.108242
64.456635
0.101436
1.36821
15.400716
0.003142
14.309302
1.120678
0.063535
0.780941
0.009248
0.021504
0.115946
0.044585
0.021878
2.006729
0.032355
0.227273
0.242534
0.408554
0.032459
0.25425
0.004364
0.00738
0.037113
0.002996
0.006918
0.012504
0.014538
0.006952
0.006788
0.00312
0.028154
0.011556
0.006286
0.006798
0.006478
0.043857
0.006308
0.017032
0.005248
0.024566
0.00599
0.015932
0.002876
0.135392
0.003104
0.00283
0.002904
0.003144
0.0108
0.005394
0.005838
0.002454
0.003086
0.006252
0.003584
0.002932
0.006872
81.461318
2.447373
0.380612
0.004694
0.150714
0.034701
1.49591
0.222073
15.569506
0.014668
1.196833
47.557534
138.179747
0.00617
0.294428
0.103659
0.509491
69.064644
101.210839
0.507801
0.035762
0.005526
0.017236
0.004474
0.005498
0.020992
0.01258
0.01295
0.010454
0.011626
0.01513
290.760032
0.02111
0.038656
7.468409
0.025128
0.019782
0.020462
0.032885
0.018882
0.026922
0.011698
629.509268
0.008006
24.951573
0.065373
0.695112
0.004874
0.004222
271.263576
0.018756
669.347503
97.825962
168.051996
790.708283
0.011734
765.534132
389.762926
3220.396674
153.576595
3.633063
2716.329624
0.009262
3866.99113
2657.734328
10.700225
3690.179025
0.352041
1195.870334
719.8157
712.968567
745.324383
722.107875
716.821675
710.940824
796.204994
708.864936
718.055499
708.390672
569.628713
0.106298
0.010254
0.011428
0.040693
0.011444
0.008386
38.993808
2781.886076
1525.868582
0.431622
2.675761
39.148743
3.053385
102.565541
1110.587446
0.440909
128.761429
10.93447
78.607302
7.064264
34.002883
2216.39206
2219.189937
2210.940706
2213.330078
2218.784907
2211.95485
2195.607132
2196.893115
2201.012328
41.254997
5.52606
1.72876
6.062551
10.851568
23.783926
0.007562
123.230403
0.214199
4.802264
0.331531
547.039576
0.311265
0.009356
7.025337
0.29654
4276.462005
1142.578933
185.058702
2159.771695
1534.058682
618.562552
598.593705
0.188775
0.082811
0.618195
0.009026
0.004098
0.335977
0.670256
13.88791
0.008384
0.004772
0.007198
0.006374
69.067166
167.599429
3.664891
4.289704
0.008474
0.011732
6023.301786
366.482566
2665.645991
1.329244
64.642278
8585.484388
129.45773
0.582479
57.840928
7537.758199
0.029265
1584.014999
0.02628
0.003278
2.27581
195.23099
0.341235
66.899353
21.609174
1.203712
554.313059
2.657756
2029.217645
2.849685
587.712856
3.198664
0.006296
13.480267
2.79948
0.03049
2310.807178
2.251716
10.767515
0.006556
0.024244
2436.849442
0.359359
1.969114
33053.076877
0.669312
4.526481
0.096493
0.018492
0.100936
0.956901
21.520859
1808.690487
389.646279
6145.437624
1774.149845
899.766633
0.075695
0.042511
3.770585
4557.92683
1111.97892
0.028078
0.315979
31170.919555
0.945276
1243.585107
9.440358
21.197784
0.084403
0.117536
87.676912
1.93825
15.584524
101.77058
1880.830992
610.512474
127.500782
784.134568
1.807962
22.963281
8.407421
0.452917
63.203034
43.410016
615.982665
0.010398
0.477931
0.042685
123.221737
2648.858759
2740.274691
3.1334
10.968468
46.147464
37.721847
38.3167
2014.060206
327.528799
0.01434
0.015546
0.342059
9.157796
1543.433458
14.969299
0.01321
25.359946
0.060957
0.050623
222.73163
34500.654698
10.636105
9.240676
0.019612
112.989507
1583.90329
307.184818
0.014228
363.933781
0.009784
0.022992
127.037074
14696.03265
12162.407741
4.396403
0.802716
2794.311414
1.533563
118.747289
199.802881
4937.072235
306.393526
21.149173
2.425693
398.749516
1.066644
134.481719
0.021628
0.962143
0.592731
28.195004
0.407058
0.613113
35.487946
1028.360222
2.020265
12.715936
6442.846787
84.315039
0.318389
162.633019
0.488295
19.25304
13055.718878
1.474627
30.099531
2.044592
8.889353
1251.855617
3472.461736
184.198581
30.998958
620.04728
0.015242
0.027999
0.015528
1422.868438
273.487332
7.520284
52.485753
149.973473
2.39161
10367.595279
99.45335
18.149942
7.54834
895.261439
15.609053
0.678939
5231.577046
0.018896
3032.363302
0.01622
0.014968
0.331222
63.200583
672.622964
864.505742
0.249046
0.016902
0.010848
4562.739658
583.851005
1930.472696
536.905892
0.018834
408.594458
7011.177583
0.422662
164.739396
397.585959
0.223112
0.793694
5.07708
0.008972
901.023092
5750.845803
1.316684
93.392028
0.815743
7239.263267
0.017966
962.903139
7489.499307
0.43579
12.063252
15120.993233
0.011552
3247.324166
1075.245269
3528.161142
154.987596
0.986503
103.374928
458.805922
0.033215
31.178138
3.96101
0.25055
138.767412
1457.323963
0.01505
0.029409
3971.889646
981.02864
2.21832
2.480941
2.934581
0.308933
7.66969
17.031956
60.329394
0.047093
0.034593
49.494373
0.02408
134.76444
8736.43359
8.974253
12155.229462
5414.969334
5419.818417
19.483223
208.094504
178.058451
4.034614
0.0208
15.590229
5299.919976
7221.181893
603318.796539
296684.631142
0.008598
321.509831
2004.487415
159.794876
73.672148
135.840854
0.251694
0.013138
385.568781
20366.45586
349168.999509
9.708136
2750.754891
4184.911719
2386.748192
8283.738805
16.142872
4.022724
175.459574
9345.712665
3501.789157
16.459219
0.467516
1094.386069
1269.036415
53.845887
227.451031
72.478096
0.013488
27521.390789
17.19264
5080.750219
8689.047357
3840.59521
4.557965
14.190922
2.075751
90.356364
50.183524
2.002562
1.259772
0.991812
66.901802
51.051902
70.958871
72.365009
79.631305
67.547297
0.140882
7023.320192
2465.600529
203.605074
14.93001
5.011174
50.673287
16926.080207
3.687377
12.593669
195.526081
4.291188
7.052206
204.828693
103.863695
12.722665
2.256526
568.636245
572.63224
178.14123
13.217367
59.778946
4.662986
0.022012
0.011716
0.012162
0.01483
0.013942
4.505354
0.023904
1877.129326
68.920973
87.925168
20.592886
2749.753277
512.093345
4105.179771
112.751815
0.033136
1.506614
70.287307
3975.612268
110.764289
4040.840152
0.675653
55.341565
11.42611
52.228379
1371.038289
410.959554
2.571777
112.988936
853.378415
1052.755994
1121.824041
1261.807348
697.976401
0.800907
0.591319
241.28601
4.228167
1.262622
28183.762148
16118.07883
917.205125
1397.612747
26500.484209
14732.745251
1.186171
0.696817
0.020152
108421.985348
5948.948403
36.438445
0.65294
0.370599
0.269918
0.264018
