0.823152
0.03852
0.773282
0.03098
1.397751
0.01342
0.01009
0.489197
0.009641
0.01606
0.037731
0.04558
0.022961
0.064301
0.391316
0.67766
0.00894
0.045601
0.02613
85.013004
1.599134
2.086732
0.03367
0.149953
0.01323
0.01253
0.040891
22.70575
0.117792
0.109722
3.462401
0.01625
6.873673
0.281724
0.173343
0.0243
48.648789
0.01699
0.024661
0.01352
0.01632
76.531877
4.594249
0.575779
0.347965
0.054301
0.01408
0.302235
0.00976
0.01244
0.011611
0.00729
0.00988
32.086731
0.03625
0.067991
0.023371
0.04674
0.875253
0.02331
0.01204
0.02228
0.771142
0.284004
0.498697
0.04197
0.213733
0.01164
85.950317
0.022111
2.00467
0.076801
1230.821216
0.02552
0.038621
0.01714
9.738346
0.088001
4.289234
0.034021
0.01357
14.810042
0.598569
0.014741
0.05455
0.01187
4.933924
0.733451
0.01416
0.499508
0.05482
0.021501
0.00755
0.01279
2.316725
0.00591
0.076572
0.114951
0.009581
0.02105
3.420751
0.030521
0.02024
0.329095
0.01384
0.01251
0.065591
3.36566
0.00986
0.72372
0.022
0.01204
10.888593
1.584664
0.021781
0.01121
0.00792
0.049631
0.121252
37.568522
0.05156
0.178983
0.369676
0.01282
0.03002
0.01051
0.01368
0.0239
0.011971
0.061371
0.01199
0.048581
0.00899
0.617209
0.014711
0.082781
0.333765
0.02101
0.019391
0.03438
0.012051
0.00976
0.02222
1.821167
1.767256
0.047081
0.00888
0.01382
13.229009
22.457776
0.019261
0.05005
0.189663
0.426587
0.301444
0.02481
19.794126
0.719011
0.097651
4.160903
0.03004
0.325105
0.014731
0.079151
0.280404
0.00704
0.008641
0.02328
6.344275
0.801052
0.299075
5.3442
5.243889
0.02395
0.01257
1.731746
0.543958
0.048101
2.548658
0.01042
65.171406
2.67843
108.668508
0.071981
0.01643
0.200983
0.700311
60.77541
0.075891
1.384931
0.169943
0.03777
0.01264
0.012461
0.02412
0.065341
0.027281
117.443079
0.063631
0.017661
0.03912
0.025761
6.02273
0.035891
0.02118
0.026171
0.00848
0.01529
0.040081
1.637534
0.03404
0.221594
0.810422
0.194073
0.439106
0.142273
1.35757
0.068771
0.029461
0.04965
0.025701
0.462397
0.034371
0.04491
0.070571
0.038191
0.261254
0.036851
0.04137
0.369186
0.0194
0.357546
0.479987
0.02854
0.127431
1.406992
0.847022
0.01454
0.170992
0.024571
0.343455
0.134782
0.081601
0.930923
0.020321
0.03777
0.230724
0.109382
0.01751
0.044491
0.338785
0.02667
0.227694
0.04742
0.03512
0.296935
0.03004
3.632205
0.389656
0.233203
0.078211
0.022631
0.320445
0.03199
0.028951
0.03671
0.02491
0.103852
0.217203
0.118192
0.03946
0.62139
0.142312
1.040805
0.01914
0.01305
0.732511
0.035541
0.743271
0.027251
0.067741
0.68034
0.231583
0.02204
0.064271
0.154142
0.022761
0.02118
0.066891
0.067051
0.123802
0.027951
0.67693
0.01993
1.173158
0.102371
0.029021
0.02931
0.242304
0.123042
0.01003
0.057371
0.214433
0.469827
0.01986
0.02481
0.269484
0.041251
0.909224
0.082511
0.080601
0.047411
0.089161
0.154902
0.03746
0.902084
0.124912
0.062761
0.115252
0.01691
0.033821
0.072191
0.02405
0.181793
0.111832
0.209373
0.039821
0.01556
0.039641
0.202763
0.282844
0.173443
0.084431
0.032861
0.192393
0.02987
0.714831
0.503997
0.261524
0.141682
0.949334
0.051161
0.215023
8.175952
0.634969
0.084902
1.279539
0.03715
0.252034
0.042441
5.159457
0.423097
0.166572
0.029981
0.04107
0.038281
0.229594
0.323284
0.086281
0.570048
1.716666
0.411646
0.037961
2.292444
0.024421
0.382416
1.154397
0.207153
42.850562
0.232764
0.072991
0.252014
0.02992
10.533818
2.302765
0.138602
0.100451
0.081212
0.078951
0.431446
0.228044
0.744161
0.041011
1.435951
14.964845
0.252433
0.032461
1.281609
0.00832
0.442077
0.0085
0.102672
0.410796
0.114232
0.00598
0.073821
5.28854
1.35518
0.768651
20.225383
0.259704
32.302683
0.01186
0.546678
26.976144
0.088421
1.503533
1.33096
2.361985
65.625043
0.304905
2.65041
26.937623
0.011231
23.311099
2.403086
0.206803
1.172578
0.03491
0.070332
0.374755
0.132702
0.067491
3.926579
0.113682
0.591229
0.70127
1.068976
0.104771
0.727381
0.018461
0.03035
0.128772
0.01152
0.024201
0.062121
0.057051
0.0236
0.021181
0.01084
0.098702
0.03997
0.020441
0.02154
0.01975
0.149443
0.02128
0.058791
0.01621
0.085492
0.01954
0.057431
0.0096
0.434627
0.01068
0.01009
0.00944
0.010141
0.0392
0.01575
0.01948
0.00697
0.01048
0.021021
0.01296
0.01026
0.02349
82.904302
5.586694
1.009685
0.023051
0.441876
0.117112
3.507973
0.475497
20.747741
0.044251
1.656945
46.463366
140.634447
0.027931
0.880803
0.328505
1.441302
68.349824
100.972243
1.477402
0.150092
0.01894
0.061491
0.014091
0.01905
0.069631
0.038751
0.03981
0.030851
0.035381
0.05172
285.476347
0.078711
0.129072
15.651964
0.098002
0.064601
0.063261
0.100321
0.05899
0.082711
0.03408
39.887008
0.028321
2.783922
738.411602
771.787922
0.03204
0.01596
0.135822
659.092934
395.204131
833.970195
7.132557
298.194597
663.945298
762.987542
383.021339
3200.918765
155.302587
8.193682
2658.947238
0.034471
3804.545015
2610.467122
16.987074
3652.143355
0.977184
1187.900452
0.136482
0.071271
0.058511
0.03144
0.025131
0.03804
0.075191
0.02646
0.02251
0.028961
0.00723
0.287184
0.02702
0.02719
0.115691
0.028461
0.01767
39.952579
2770.88695
1512.475922
1.083776
6.233124
39.808597
6.968375
101.790157
1107.445149
1.229128
133.998679
19.135077
76.540808
13.068506
37.781267
2180.920261
2169.273658
2185.15028
2186.630715
2188.810431
2163.26018
2154.785896
2174.562125
2173.770976
38615.076483
19326.316533
7450.649511
20782.157595
7240.490841
18503.431682
0.039971
1161.462211
8018.991956
130.061411
295828.656856
1564.997898
1071.315707
927.739328
756.544231
1024.072921
4347.070972
1195.397103
21.124951
1225.047713
1039.594278
3074.82949
2996.93068
77.355784
0.294225
1.683175
0.034851
0.00973
1.067087
2.02584
23.383184
0.03381
0.016891
0.02799
0.02385
74.340858
166.837902
8.636971
9.177609
0.04316
2195.095851
6034.748911
366.474134
1029.272146
11.323452
71.905062
13.145369
133.318494
1.684056
58.075392
7524.39928
0.105511
1575.820976
0.092772
0.0104
5.207519
381.202999
0.368595
296.728396
34.807299
3.28058
450.697655
0.048771
0.020841
846.906679
1222.190428
6.320356
0.02596
0.049301
1097.460195
0.132782
2265.005384
5476.371214
5410.020063
0.039731
0.110651
2430.845981
0.184373
3.91529
296.077387
2439.885199
9.732208
0.254874
4495.084919
10291.129265
2.01756
3772.716239
0.05056
26.779537
6086.532679
7738.250985
897.962266
0.267725
0.146252
467.21574
4571.998131
4259.294112
0.106932
1.008765
0.01329
2.403427
0.182073
18.659814
26.612094
0.281024
0.330185
2636.558992
5.159549
21.05772
102.457367
601403.750471
608.917169
129.124302
2702.802419
9.668118
1137.750256
1.764827
1.202069
281.946426
601228.892457
601150.313758
0.049561
1.474513
0.208193
177.28422
2608.020392
8338.161032
6.829369
14780.236341
46.693075
3314.297935
45.861962
1982.539201
0.140972
958.772692
20495.579907
0.036201
2.431898
1537.882993
14.253467
0.037221
19719.538389
1005.685851
4095.114273
224.417455
0.086781
0.00745
1703.683417
0.075741
5188.029258
1580.579701
311.095174
0.0454
601047.517419
0.042551
0.095022
127.160837
14281.682718
601073.829645
862.889169
1.844039
603492.760438
2483.835365
541.18674
601009.494138
4887.646512
302.275652
25.589083
4563.236629
397.132153
24.972352
6.568213
0.051891
11981.623747
23000.270544
34.123987
1.26509
678.031979
299596.139015
1027.234227
319277.838991
23.16207
614774.494136
83.919394
2459.603982
117.386461
1.404158
26.008569
2176.240875
4.003622
33.194803
9723.165327
18.250209
1752.603502
601001.075512
0.074311
601128.196186
621.798816
936.150414
1830.554838
0.087431
909.38492
1.825037
1.600123
494.857988
2619.707647
7249.88671
9758.212107
3939.325195
22.452297
158.614734
2278.077204
382.606168
2.003761
602328.311301
0.068791
2840.227373
0.063851
0.051651
1.840908
176.863695
24598.271272
95781.581948
2440.10145
0.082651
0.03212
601003.2174
0.049671
1945.280076
540.309068
283.525661
601336.688061
6842.615491
1.118796
42.706777
25.101638
9931.743891
2.127961
10.22955
0.027921
898.242795
965.953679
7231.264007
98.645077
1.965159
7158.194904
0.066681
928.654461
7249.171556
1.094516
539.997461
0.048341
0.02146
3150.392367
1074.715613
4001.760363
156.853801
4999.277394
101.631281
1.233348
0.090591
32343.203893
9.042203
0.757811
601203.192004
1439.135442
0.050611
2.136405
3904.621359
0.03498
5.344839
3.240744
3.305885
3732.766241
0.177833
4651.504021
501.597816
528.171897
995.681993
59.901586
11227.098549
1539.605426
602201.862936
18.694825
601071.866547
561629.017526
562655.389778
24.983858
9882.567602
185.040186
8.511682
0.087841
601321.292444
609164.954417
174.037565
601000.067729
296990.747579
0.03458
318.564836
1997.925851
4951.548381
610853.398735
4561.829155
1085.269757
0.073821
387.789498
3997.325144
347352.435915
225.495341
2486.310611
4194.054188
2370.74087
8264.924888
20.565839
4.962267
173.958003
602699.513838
3490.48579
24.212808
1360.921602
601742.501123
49636.255271
58.701046
601420.92992
601734.522743
0.071481
9.99949
574433.726072
181.376171
601289.491646
3820.362909
9.116756
20.829562
4.334374
202.231585
0.04724
1116.382411
27.022045
0.143172
0.01919
0.01286
0.01673
0.01479
601683.426509
365836.943266
0.61766
7048.83088
2410.37383
230.816003
602377.470482
338359.10749
7902.18625
0.046971
0.037281
1110.603363
601185.501796
355023.727806
5.840788
203.982577
224.484138
11.750775
4.345877
178832.193607
179043.413252
179.031055
19.007758
0.04046
5.502118
0.070601
0.024211
0.01747
0.02029
0.03833
66116.180721
0.116921
1865.380542
1165.885166
1193.871216
19689.255573
2693.547353
517.35132
4076.412781
601843.721372
0.101911
5.453751
74.127583
3963.840428
0.042491
602968.316353
2.64462
2585.721659
32124.829614
203.520314
1339.330043
601373.909765
5.934532
121.677188
851.085535
1603.45282
1588.21222
1793.964561
1333.717962
197.390454
3.272486
243.385101
9.560714
3.204375
601380.222345
601237.43063
3390.044477
46492.059226
601173.621056
272925.770864
23324.398387
11997.630225
0.109772
108114.925351
5884.008614
602742.556211
1.864418
0.910634
0.315525
0.285324
